# Cumulative number of M dwarfs with metallicity < [M/H] for different distance ranges
# Distance ranges: [50, 100, 200, 400, 800]
# Metallicity bins: [-1.2        -1.16530612 -1.13061224 -1.09591837 -1.06122449 -1.02653061
#  -0.99183673 -0.95714286 -0.92244898 -0.8877551  -0.85306122 -0.81836735
#  -0.78367347 -0.74897959 -0.71428571 -0.67959184 -0.64489796 -0.61020408
#  -0.5755102  -0.54081633 -0.50612245 -0.47142857 -0.43673469 -0.40204082
#  -0.36734694 -0.33265306 -0.29795918 -0.26326531 -0.22857143 -0.19387755
#  -0.15918367 -0.1244898  -0.08979592 -0.05510204 -0.02040816  0.01428571
#   0.04897959  0.08367347  0.11836735  0.15306122  0.1877551   0.22244898
#   0.25714286  0.29183673  0.32653061  0.36122449  0.39591837  0.43061224
#   0.46530612  0.5       ]
# 
0.000000000000000000e+00 0.000000000000000000e+00 0.000000000000000000e+00 0.000000000000000000e+00 0.000000000000000000e+00
0.000000000000000000e+00 0.000000000000000000e+00 0.000000000000000000e+00 0.000000000000000000e+00 0.000000000000000000e+00
0.000000000000000000e+00 0.000000000000000000e+00 0.000000000000000000e+00 0.000000000000000000e+00 0.000000000000000000e+00
0.000000000000000000e+00 0.000000000000000000e+00 0.000000000000000000e+00 0.000000000000000000e+00 0.000000000000000000e+00
0.000000000000000000e+00 0.000000000000000000e+00 0.000000000000000000e+00 2.000000000000000000e+00 3.000000000000000000e+00
0.000000000000000000e+00 0.000000000000000000e+00 1.000000000000000000e+00 4.000000000000000000e+00 6.000000000000000000e+00
0.000000000000000000e+00 0.000000000000000000e+00 2.000000000000000000e+00 1.000000000000000000e+01 1.400000000000000000e+01
1.000000000000000000e+00 1.000000000000000000e+00 4.000000000000000000e+00 1.700000000000000000e+01 2.900000000000000000e+01
1.000000000000000000e+00 1.000000000000000000e+00 9.000000000000000000e+00 3.400000000000000000e+01 6.100000000000000000e+01
1.000000000000000000e+00 1.000000000000000000e+00 1.200000000000000000e+01 5.900000000000000000e+01 1.130000000000000000e+02
1.000000000000000000e+00 7.000000000000000000e+00 4.000000000000000000e+01 1.870000000000000000e+02 4.030000000000000000e+02
1.000000000000000000e+00 1.000000000000000000e+01 7.500000000000000000e+01 3.690000000000000000e+02 7.920000000000000000e+02
1.000000000000000000e+00 1.600000000000000000e+01 1.280000000000000000e+02 6.320000000000000000e+02 1.393000000000000000e+03
1.000000000000000000e+00 2.100000000000000000e+01 1.910000000000000000e+02 8.960000000000000000e+02 2.009000000000000000e+03
2.000000000000000000e+00 3.500000000000000000e+01 3.060000000000000000e+02 1.375000000000000000e+03 3.128000000000000000e+03
2.000000000000000000e+00 4.800000000000000000e+01 3.990000000000000000e+02 1.836000000000000000e+03 4.203000000000000000e+03
3.000000000000000000e+00 6.300000000000000000e+01 5.160000000000000000e+02 2.360000000000000000e+03 5.481000000000000000e+03
3.000000000000000000e+00 9.200000000000000000e+01 7.530000000000000000e+02 3.372000000000000000e+03 7.768000000000000000e+03
5.000000000000000000e+00 1.210000000000000000e+02 9.990000000000000000e+02 4.391000000000000000e+03 1.000800000000000000e+04
8.000000000000000000e+00 1.850000000000000000e+02 1.472000000000000000e+03 6.260000000000000000e+03 1.415900000000000000e+04
1.200000000000000000e+01 2.440000000000000000e+02 1.954000000000000000e+03 8.123000000000000000e+03 1.817400000000000000e+04
2.000000000000000000e+01 3.680000000000000000e+02 2.787000000000000000e+03 1.141400000000000000e+04 2.495400000000000000e+04
2.600000000000000000e+01 4.850000000000000000e+02 3.627000000000000000e+03 1.473700000000000000e+04 3.165800000000000000e+04
4.600000000000000000e+01 7.530000000000000000e+02 5.388000000000000000e+03 2.108200000000000000e+04 4.368100000000000000e+04
5.500000000000000000e+01 9.760000000000000000e+02 7.018000000000000000e+03 2.708300000000000000e+04 5.465100000000000000e+04
8.100000000000000000e+01 1.456000000000000000e+03 1.005100000000000000e+04 3.723500000000000000e+04 7.232100000000000000e+04
1.320000000000000000e+02 1.992000000000000000e+03 1.301500000000000000e+04 4.673700000000000000e+04 8.811300000000000000e+04
2.280000000000000000e+02 2.883000000000000000e+03 1.808200000000000000e+04 6.183900000000000000e+04 1.123820000000000000e+05
3.300000000000000000e+02 3.845000000000000000e+03 2.284600000000000000e+04 7.533100000000000000e+04 1.332170000000000000e+05
4.690000000000000000e+02 5.397000000000000000e+03 3.055200000000000000e+04 9.608500000000000000e+04 1.646030000000000000e+05
6.290000000000000000e+02 6.753000000000000000e+03 3.725100000000000000e+04 1.139520000000000000e+05 1.911870000000000000e+05
8.810000000000000000e+02 8.959000000000000000e+03 4.791000000000000000e+04 1.411930000000000000e+05 2.318440000000000000e+05
1.109000000000000000e+03 1.079000000000000000e+04 5.596200000000000000e+04 1.612000000000000000e+05 2.615200000000000000e+05
1.334000000000000000e+03 1.262900000000000000e+04 6.436500000000000000e+04 1.814960000000000000e+05 2.915980000000000000e+05
1.628000000000000000e+03 1.514600000000000000e+04 7.512700000000000000e+04 2.068550000000000000e+05 3.286790000000000000e+05
1.842000000000000000e+03 1.695700000000000000e+04 8.267700000000000000e+04 2.245680000000000000e+05 3.546480000000000000e+05
2.149000000000000000e+03 1.934200000000000000e+04 9.221800000000000000e+04 2.464690000000000000e+05 3.864380000000000000e+05
2.397000000000000000e+03 2.106000000000000000e+04 9.887800000000000000e+04 2.612110000000000000e+05 4.074500000000000000e+05
2.641000000000000000e+03 2.300400000000000000e+04 1.064080000000000000e+05 2.778510000000000000e+05 4.309010000000000000e+05
2.818000000000000000e+03 2.423900000000000000e+04 1.111720000000000000e+05 2.884450000000000000e+05 4.454550000000000000e+05
3.002000000000000000e+03 2.546500000000000000e+04 1.160370000000000000e+05 2.995750000000000000e+05 4.608320000000000000e+05
3.114000000000000000e+03 2.613400000000000000e+04 1.186790000000000000e+05 3.060490000000000000e+05 4.699000000000000000e+05
3.246000000000000000e+03 2.671100000000000000e+04 1.212170000000000000e+05 3.123090000000000000e+05 4.787950000000000000e+05
3.293000000000000000e+03 2.694900000000000000e+04 1.224720000000000000e+05 3.155720000000000000e+05 4.834730000000000000e+05
3.343000000000000000e+03 2.718300000000000000e+04 1.236310000000000000e+05 3.185630000000000000e+05 4.878610000000000000e+05
3.367000000000000000e+03 2.728800000000000000e+04 1.241270000000000000e+05 3.199580000000000000e+05 4.899640000000000000e+05
3.389000000000000000e+03 2.734400000000000000e+04 1.244920000000000000e+05 3.210560000000000000e+05 4.916720000000000000e+05
3.394000000000000000e+03 2.736700000000000000e+04 1.246100000000000000e+05 3.214740000000000000e+05 4.923400000000000000e+05
3.395000000000000000e+03 2.737900000000000000e+04 1.246580000000000000e+05 3.216710000000000000e+05 4.926830000000000000e+05
