BD+062932  -323 -253   56 0.00 0.00 1.00  halo 0.00 0.00 1.00  halo
BD+063077     7  -79   98 0.99 0.00 0.01 thick 0.96 0.00 0.04 thick
BD+083095   -28 -182   34 0.52 0.00 0.48 trans 0.70 0.00 0.30 thick
BD-002387   -35   -5   -7 0.01 0.99 0.00  thin 0.01 0.99 0.00  thin
BD-010184    58   -5  -12 0.03 0.97 0.00  thin 0.02 0.98 0.00  thin
BD-012505   -59  -20  -19 0.05 0.95 0.00  thin 0.03 0.97 0.00  thin
BD-033746  -129  -31  -11 0.76 0.24 0.00 thick 0.19 0.81 0.00  thin
BD-034797    24   -3   32 0.05 0.95 0.00  thin 0.03 0.97 0.00  thin
BD-044138    -6   -6  -10 0.01 0.99 0.00  thin 0.01 0.99 0.00  thin
BD-050484   -10  -28  -12 0.02 0.98 0.00  thin 0.02 0.98 0.00  thin
BD-050578    -6    4  -11 0.01 0.99 0.00  thin 0.01 0.99 0.00  thin
BD-053176   -69  -48   -1 0.18 0.82 0.00  thin 0.06 0.94 0.00  thin
BD-053596   -26  -37  -21 0.06 0.94 0.00  thin 0.04 0.96 0.00  thin
BD-054065    35   20   15 0.03 0.97 0.00  thin 0.01 0.99 0.00  thin
BD-060904    41   -8  -10 0.02 0.98 0.00  thin 0.01 0.99 0.00  thin
BD-063481     7   39   18 0.07 0.93 0.00  thin 0.02 0.98 0.00  thin
BD-064196   -10   -2    5 0.01 0.99 0.00  thin 0.01 0.99 0.00  thin
BD-064756    -1  -11   -5 0.01 0.99 0.00  thin 0.01 0.99 0.00  thin
BD-082534   -59  -98  -20 0.99 0.01 0.00 thick 0.76 0.23 0.01 thick
BD-082823   -67  -36   -5 0.08 0.92 0.00  thin 0.03 0.97 0.00  thin
BD-084501   149  -42 -161 0.10 0.00 0.90  halo 0.20 0.00 0.80  halo
BD-090872    20   19    5 0.02 0.98 0.00  thin 0.01 0.99 0.00  thin
BD-091261   -50   30   44 0.50 0.49 0.00 trans 0.18 0.82 0.00  thin
BD-092670   -16  -12    3 0.01 0.99 0.00  thin 0.01 0.99 0.00  thin
BD-094191    12  -25  -27 0.04 0.96 0.00  thin 0.03 0.97 0.00  thin
BD-112763     2   -5    2 0.01 0.99 0.00  thin 0.01 0.99 0.00  thin
BD-120327    20  -51  -25 0.17 0.83 0.00  thin 0.08 0.92 0.00  thin
BD-123458   -10  -64   50 0.93 0.07 0.00 thick 0.74 0.26 0.00 thick
BD-130116   -20   28   -7 0.03 0.97 0.00  thin 0.01 0.99 0.00  thin
BD-130321   -37    9   15 0.02 0.98 0.00  thin 0.01 0.99 0.00  thin
BD-131161     7  -51    0 0.07 0.93 0.00  thin 0.03 0.97 0.00  thin
BD-140184    35   13  -19 0.03 0.97 0.00  thin 0.01 0.99 0.00  thin
BD-145003    57   -6  -65 0.94 0.06 0.00 thick 0.85 0.15 0.01 thick
BD-160308   -30    2    1 0.01 0.99 0.00  thin 0.01 0.99 0.00  thin
BD-160931    53  -10    8 0.02 0.98 0.00  thin 0.01 0.99 0.00  thin
BD-170063    82   10    2 0.07 0.93 0.00  thin 0.02 0.98 0.00  thin
BD-173242     8  -30  -12 0.02 0.98 0.00  thin 0.02 0.98 0.00  thin
BD-195953     4   -3  -12 0.01 0.99 0.00  thin 0.01 0.99 0.00  thin
BD-213153    -3  -16    8 0.01 0.99 0.00  thin 0.01 0.99 0.00  thin
BD-223528   -32    3   29 0.05 0.95 0.00  thin 0.03 0.97 0.00  thin
CD-2310879   17   12  -13 0.02 0.98 0.00  thin 0.01 0.99 0.00  thin
CD-436810    93 -163  -63 0.54 0.00 0.46 trans 0.65 0.00 0.35 trans
CD-4512460   70 -159  -76 0.55 0.00 0.45 trans 0.67 0.00 0.33 trans
CD-452997    52  -60   96 0.99 0.00 0.01 thick 0.97 0.00 0.03 thick
CD-571633  -325 -241  -28 0.00 0.00 1.00  halo 0.00 0.00 1.00  halo
HD10002     -18  -25    4 0.02 0.98 0.00  thin 0.01 0.99 0.00  thin
HD100289     -3   15  -22 0.02 0.98 0.00  thin 0.01 0.99 0.00  thin
HD100508    -21  -17   -9 0.01 0.99 0.00  thin 0.01 0.99 0.00  thin
HD100777      4   16   12 0.02 0.98 0.00  thin 0.01 0.99 0.00  thin
HD101339      0    4    0 0.01 0.99 0.00  thin 0.01 0.99 0.00  thin
HD101367     26  -43  -19 0.07 0.93 0.00  thin 0.04 0.96 0.00  thin
HD101581    -23  -13   14 0.02 0.98 0.00  thin 0.01 0.99 0.00  thin
HD101612    -47   24  -19 0.06 0.94 0.00  thin 0.02 0.98 0.00  thin
HD101644    -41   -6  -32 0.07 0.93 0.00  thin 0.04 0.96 0.00  thin
HD101650    -11    0   -6 0.01 0.99 0.00  thin 0.01 0.99 0.00  thin
HD10166     -27  -16   18 0.02 0.98 0.00  thin 0.02 0.98 0.00  thin
HD10180      20   -4  -23 0.02 0.98 0.00  thin 0.02 0.98 0.00  thin
HD101930      8   -6   55 0.51 0.49 0.00 trans 0.40 0.60 0.00 trans
HD102117     24  -37   -6 0.03 0.97 0.00  thin 0.02 0.98 0.00  thin
HD102136    -24   -1    3 0.01 0.99 0.00  thin 0.01 0.99 0.00  thin
HD102200    100 -129   18 0.98 0.00 0.02 thick 0.94 0.00 0.06 thick
HD102300     71  -11   45 0.49 0.51 0.00 trans 0.26 0.74 0.00  thin
HD102365    -49  -26   12 0.04 0.96 0.00  thin 0.02 0.98 0.00  thin
HD102438      3  -16   -7 0.01 0.99 0.00  thin 0.01 0.99 0.00  thin
HD102843    -81  -35    7 0.14 0.86 0.00  thin 0.05 0.95 0.00  thin
HD103197     -9    8    3 0.01 0.99 0.00  thin 0.01 0.99 0.00  thin
HD103720      4    4   -5 0.01 0.99 0.00  thin 0.01 0.99 0.00  thin
HD103891    -16   -4   14 0.01 0.99 0.00  thin 0.01 0.99 0.00  thin
HD103949     -7    8   -8 0.01 0.99 0.00  thin 0.01 0.99 0.00  thin
HD104006    -21 -188    1 0.48 0.00 0.52 trans 0.69 0.00 0.31 trans
HD104067     45  -15  -11 0.02 0.98 0.00  thin 0.01 0.99 0.00  thin
HD104263     10  -41   23 0.07 0.93 0.00  thin 0.04 0.96 0.00  thin
HD104760A    35   19   18 0.03 0.97 0.00  thin 0.01 0.99 0.00  thin
HD104800    122 -131  -57 0.91 0.00 0.09 thick 0.84 0.00 0.16 thick
HD104982     72  -10  -38 0.28 0.72 0.00  thin 0.13 0.87 0.00  thin
HD105004    -34 -225  -76 0.00 0.00 1.00  halo 0.06 0.00 0.94  halo
HD105671    -21    0   -8 0.01 0.99 0.00  thin 0.01 0.99 0.00  thin
HD105779    -29  -37    7 0.03 0.97 0.00  thin 0.02 0.98 0.00  thin
HD105837     23   13   41 0.15 0.85 0.00  thin 0.08 0.92 0.00  thin
HD105938     35    0   13 0.02 0.98 0.00  thin 0.01 0.99 0.00  thin
HD106116   -107    8   39 0.76 0.24 0.00 thick 0.29 0.71 0.00  thin
HD106275     18  -69   11 0.38 0.62 0.00 trans 0.11 0.89 0.00  thin
HD106290     -7  -12   13 0.01 0.99 0.00  thin 0.01 0.99 0.00  thin
HD10647      10  -14  -11 0.01 0.99 0.00  thin 0.01 0.99 0.00  thin
HD106589    -87   -4   19 0.13 0.87 0.00  thin 0.04 0.96 0.00  thin
HD10700      30   42   20 0.12 0.88 0.00  thin 0.02 0.98 0.00  thin
HD107094     19   -4    0 0.01 0.99 0.00  thin 0.01 0.99 0.00  thin
HD107148      9  -15   21 0.02 0.98 0.00  thin 0.02 0.98 0.00  thin
HD108063     -2  -36   10 0.03 0.97 0.00  thin 0.02 0.98 0.00  thin
HD108147    -19    1   -7 0.01 0.99 0.00  thin 0.01 0.99 0.00  thin
HD108309    -42  -56   -3 0.16 0.84 0.00  thin 0.05 0.95 0.00  thin
HD108341     15  -55   23 0.20 0.80 0.00  thin 0.08 0.92 0.00  thin
HD108564    -20  -91   84 0.99 0.00 0.01 thick 0.97 0.00 0.03 thick
HD108768     33  -10   -3 0.01 0.99 0.00  thin 0.01 0.99 0.00  thin
HD108935    -34  -52  -23 0.20 0.80 0.00  thin 0.08 0.92 0.00  thin
HD10895      -9   -3   -5 0.01 0.99 0.00  thin 0.01 0.99 0.00  thin
HD109098      1   15   13 0.02 0.98 0.00  thin 0.01 0.99 0.00  thin
HD109200    -23   -8  -20 0.02 0.98 0.00  thin 0.01 0.99 0.00  thin
HD109271    -43    5   15 0.02 0.98 0.00  thin 0.01 0.99 0.00  thin
HD109310     46    7  -11 0.02 0.98 0.00  thin 0.01 0.99 0.00  thin
HD109368      6   -1   -9 0.01 0.99 0.00  thin 0.01 0.99 0.00  thin
HD109409     17  -14  -14 0.01 0.99 0.00  thin 0.01 0.99 0.00  thin
HD109423    -23    0   13 0.01 0.99 0.00  thin 0.01 0.99 0.00  thin
HD109684     20   13  -11 0.02 0.98 0.00  thin 0.01 0.99 0.00  thin
HD109723     29   -2    3 0.01 0.99 0.00  thin 0.01 0.99 0.00  thin
HD109988      0   15  -14 0.02 0.98 0.00  thin 0.01 0.99 0.00  thin
HD110291     41    6  -23 0.03 0.97 0.00  thin 0.02 0.98 0.00  thin
HD110557     79   11  -23 0.13 0.87 0.00  thin 0.04 0.96 0.00  thin
HD110619    -63  -20  -31 0.14 0.86 0.00  thin 0.07 0.93 0.00  thin
HD110668      3  -12  -22 0.02 0.98 0.00  thin 0.02 0.98 0.00  thin
HD111031    -34    6   -4 0.01 0.99 0.00  thin 0.01 0.99 0.00  thin
HD111232     71  -74   13 0.83 0.17 0.00 thick 0.29 0.71 0.00  thin
HD111515     50  -70  -34 0.87 0.13 0.00 thick 0.46 0.54 0.00 trans
HD111564    -85  -42    9 0.25 0.75 0.00  thin 0.07 0.93 0.00  thin
HD111777   -116  -81  -42 1.00 0.00 0.00 thick 0.94 0.04 0.02 thick
HD112100     46   -8   34 0.09 0.91 0.00  thin 0.05 0.95 0.00  thin
HD11226     -32   -9   11 0.01 0.99 0.00  thin 0.01 0.99 0.00  thin
HD112283    -17    3    2 0.01 0.99 0.00  thin 0.01 0.99 0.00  thin
HD112540     19    3   18 0.02 0.98 0.00  thin 0.01 0.99 0.00  thin
HD113101    -85  -63  -26 0.84 0.16 0.00 thick 0.35 0.65 0.00 trans
HD113513     -9  -13    8 0.01 0.99 0.00  thin 0.01 0.99 0.00  thin
HD113569     12  -17   17 0.02 0.98 0.00  thin 0.01 0.99 0.00  thin
HD113679    -50 -241   16 0.00 0.00 1.00  halo 0.06 0.00 0.94  halo
HD11397      29  -78  -42 0.96 0.03 0.00 thick 0.73 0.26 0.01 thick
HD114076    -99  -70   -1 0.90 0.10 0.00 thick 0.33 0.67 0.00 trans
HD114386     23  -41  -15 0.05 0.95 0.00  thin 0.03 0.97 0.00  thin
HD114561     -1   -2   -2 0.01 0.99 0.00  thin 0.01 0.99 0.00  thin
HD114613    -27    2    9 0.01 0.99 0.00  thin 0.01 0.99 0.00  thin
HD114729     30  -76   -2 0.58 0.42 0.00 trans 0.16 0.84 0.00  thin
HD114747    -23   17   18 0.02 0.98 0.00  thin 0.01 0.99 0.00  thin
HD114783     -4   10   -2 0.01 0.99 0.00  thin 0.01 0.99 0.00  thin
HD114853     36  -43   14 0.07 0.93 0.00  thin 0.04 0.96 0.00  thin
HD11505      73  -16  -13 0.06 0.94 0.00  thin 0.03 0.97 0.00  thin
HD115341     21   -4   18 0.02 0.98 0.00  thin 0.01 0.99 0.00  thin
HD115499    -35   -4    3 0.01 0.99 0.00  thin 0.01 0.99 0.00  thin
HD115585    -38  -61    5 0.24 0.76 0.00  thin 0.07 0.93 0.00  thin
HD115617    -12  -35  -24 0.06 0.94 0.00  thin 0.04 0.96 0.00  thin
HD115674    -39  -24  -11 0.02 0.98 0.00  thin 0.02 0.98 0.00  thin
HD115773    -61  -35   19 0.10 0.90 0.00  thin 0.05 0.95 0.00  thin
HD115902     25   18    5 0.02 0.98 0.00  thin 0.01 0.99 0.00  thin
HD11608      46  -23   28 0.08 0.92 0.00  thin 0.05 0.95 0.00  thin
HD116259    -14  -30   16 0.03 0.97 0.00  thin 0.02 0.98 0.00  thin
HD116284    -36  -34  -16 0.04 0.96 0.00  thin 0.03 0.97 0.00  thin
HD116410     26   11   -9 0.01 0.99 0.00  thin 0.01 0.99 0.00  thin
HD11683     -13  -38   16 0.04 0.96 0.00  thin 0.03 0.97 0.00  thin
HD116858    -31  -15   -2 0.01 0.99 0.00  thin 0.01 0.99 0.00  thin
HD116883     28  -22  -18 0.03 0.97 0.00  thin 0.02 0.98 0.00  thin
HD116920    -31  -13   -1 0.01 0.99 0.00  thin 0.01 0.99 0.00  thin
HD116963    -24   -3    3 0.01 0.99 0.00  thin 0.01 0.99 0.00  thin
HD1171      -31  -32   45 0.36 0.64 0.00 trans 0.24 0.76 0.00  thin
HD117105    -32   11   40 0.15 0.85 0.00  thin 0.08 0.92 0.00  thin
HD117207    -23    0   -6 0.01 0.99 0.00  thin 0.01 0.99 0.00  thin
HD117359     10  -20   43 0.17 0.83 0.00  thin 0.13 0.87 0.00  thin
HD117618     16    7  -15 0.01 0.99 0.00  thin 0.01 0.99 0.00  thin
HD117938    -19   -1    9 0.01 0.99 0.00  thin 0.01 0.99 0.00  thin
HD118466     -3   18   21 0.03 0.97 0.00  thin 0.01 0.99 0.00  thin
HD118563     -9   18    1 0.01 0.99 0.00  thin 0.01 0.99 0.00  thin
HD119173    -60   -6  -62 0.91 0.09 0.00 thick 0.78 0.21 0.00 thick
HD119291    -24   -9  -31 0.05 0.95 0.00  thin 0.04 0.96 0.00  thin
HD11938     -32  -38  -19 0.06 0.94 0.00  thin 0.04 0.96 0.00  thin
HD119503    -33  -24  -14 0.02 0.98 0.00  thin 0.02 0.98 0.00  thin
HD119629    -33    6   18 0.02 0.98 0.00  thin 0.01 0.99 0.00  thin
HD119638     31  -14    3 0.01 0.99 0.00  thin 0.01 0.99 0.00  thin
HD11964A     78   18  -10 0.08 0.92 0.00  thin 0.02 0.98 0.00  thin
HD119782      2    0  -19 0.01 0.99 0.00  thin 0.01 0.99 0.00  thin
HD119949    -61   32   27 0.20 0.80 0.00  thin 0.05 0.95 0.00  thin
HD120344    -35  -24  -43 0.26 0.74 0.00  thin 0.17 0.83 0.00  thin
HD120362    -15   -4   -9 0.01 0.99 0.00  thin 0.01 0.99 0.00  thin
HD120491      3  -21    8 0.01 0.99 0.00  thin 0.01 0.99 0.00  thin
HD121004     74 -243  106 0.00 0.00 1.00  halo 0.00 0.00 1.00  halo
HD121504    -17  -40    5 0.03 0.97 0.00  thin 0.02 0.98 0.00  thin
HD122308    -51   18   -6 0.03 0.97 0.00  thin 0.01 0.99 0.00  thin
HD122474      3    7    9 0.01 0.99 0.00  thin 0.01 0.99 0.00  thin
HD122862    -16    8   44 0.18 0.82 0.00  thin 0.11 0.89 0.00  thin
HD123265    -61  -41  -13 0.11 0.89 0.00  thin 0.04 0.96 0.00  thin
HD123319    -41   19   24 0.05 0.95 0.00  thin 0.02 0.98 0.00  thin
HD12345     -41    3   10 0.02 0.98 0.00  thin 0.01 0.99 0.00  thin
HD123517    -36  -10    2 0.01 0.99 0.00  thin 0.01 0.99 0.00  thin
HD123619     -2    8   27 0.03 0.97 0.00  thin 0.02 0.98 0.00  thin
HD123651    -21    0  -17 0.02 0.98 0.00  thin 0.01 0.99 0.00  thin
HD1237      -22   -4   10 0.01 0.99 0.00  thin 0.01 0.99 0.00  thin
HD12387       8  -76   67 1.00 0.00 0.00 thick 0.98 0.01 0.01 thick
HD124106      0  -21    6 0.01 0.99 0.00  thin 0.01 0.99 0.00  thin
HD124292     35  -31   26 0.07 0.93 0.00  thin 0.04 0.96 0.00  thin
HD124364    -20    9  -11 0.01 0.99 0.00  thin 0.01 0.99 0.00  thin
HD124785     -9  -80   39 0.95 0.05 0.00 thick 0.67 0.32 0.01 trans
HD125072    -29   -2  -28 0.04 0.96 0.00  thin 0.02 0.98 0.00  thin
HD125184     47   16  -36 0.15 0.85 0.00  thin 0.06 0.94 0.00  thin
HD125271    -15   10  -23 0.02 0.98 0.00  thin 0.02 0.98 0.00  thin
HD125455    -32  -35   14 0.04 0.96 0.00  thin 0.02 0.98 0.00  thin
HD125522    -17   -3   -7 0.01 0.99 0.00  thin 0.01 0.99 0.00  thin
HD125595    -36  -43   26 0.14 0.86 0.00  thin 0.07 0.93 0.00  thin
HD125612     -7   -3  -11 0.01 0.99 0.00  thin 0.01 0.99 0.00  thin
HD125881    -13  -35   -1 0.02 0.98 0.00  thin 0.02 0.98 0.00  thin
HD12617      -2  -13   14 0.01 0.99 0.00  thin 0.01 0.99 0.00  thin
HD126525    -15  -30   36 0.11 0.89 0.00  thin 0.08 0.92 0.00  thin
HD126681    -11  -29  -64 0.90 0.10 0.00 thick 0.83 0.17 0.00 thick
HD126793     -2   13   -7 0.01 0.99 0.00  thin 0.01 0.99 0.00  thin
HD126803     15  -53   79 1.00 0.00 0.00 thick 0.99 0.00 0.01 thick
HD126829     -4   16   -4 0.01 0.99 0.00  thin 0.01 0.99 0.00  thin
HD127124     11   -9  -13 0.01 0.99 0.00  thin 0.01 0.99 0.00  thin
HD128113    -64  -17   -6 0.04 0.96 0.00  thin 0.02 0.98 0.00  thin
HD128340      0   13   29 0.04 0.96 0.00  thin 0.02 0.98 0.00  thin
HD128431     15   51  -37 0.50 0.50 0.00 trans 0.10 0.90 0.00  thin
HD128571    -20   22   22 0.04 0.96 0.00  thin 0.02 0.98 0.00  thin
HD128674     58    8  -48 0.47 0.53 0.00 trans 0.24 0.76 0.00  thin
HD129191     40  -14   -6 0.02 0.98 0.00  thin 0.01 0.99 0.00  thin
HD129229      4    1   -8 0.01 0.99 0.00  thin 0.01 0.99 0.00  thin
HD129642    -59  -66   -3 0.47 0.53 0.00 trans 0.12 0.88 0.00  thin
HD129829    -18  -18   -2 0.01 0.99 0.00  thin 0.01 0.99 0.00  thin
HD130322      2  -16   -4 0.01 0.99 0.00  thin 0.01 0.99 0.00  thin
HD13060      49  -10    7 0.02 0.98 0.00  thin 0.01 0.99 0.00  thin
HD130930     -2  -11  -12 0.01 0.99 0.00  thin 0.01 0.99 0.00  thin
HD130989     38  -20    3 0.02 0.98 0.00  thin 0.01 0.99 0.00  thin
HD130992    -73  -40  -14 0.17 0.83 0.00  thin 0.06 0.94 0.00  thin
HD131183    -34  -29   -5 0.02 0.98 0.00  thin 0.02 0.98 0.00  thin
HD131218     22  -11    4 0.01 0.99 0.00  thin 0.01 0.99 0.00  thin
HD131565    -23  -16   19 0.02 0.98 0.00  thin 0.02 0.98 0.00  thin
HD131653    -34  -66  -63 0.99 0.00 0.00 thick 0.96 0.03 0.01 thick
HD131664     40   -9    4 0.01 0.99 0.00  thin 0.01 0.99 0.00  thin
HD1320      -44  -25  -12 0.03 0.97 0.00  thin 0.02 0.98 0.00  thin
HD132411    -20  -10  -13 0.01 0.99 0.00  thin 0.01 0.99 0.00  thin
HD13252      68  -20   19 0.07 0.93 0.00  thin 0.03 0.97 0.00  thin
HD132569     -7   -1  -17 0.01 0.99 0.00  thin 0.01 0.99 0.00  thin
HD132648      2   10   -1 0.01 0.99 0.00  thin 0.01 0.99 0.00  thin
HD133633    -41  -34   -8 0.04 0.96 0.00  thin 0.02 0.98 0.00  thin
HD134060     28  -27   15 0.03 0.97 0.00  thin 0.02 0.98 0.00  thin
HD134088    -19  -58  -64 0.99 0.01 0.00 thick 0.94 0.05 0.01 thick
HD134113   -112 -125   41 0.97 0.00 0.03 thick 0.92 0.00 0.08 thick
HD134440    312 -486  -55 0.00 0.00 1.00  halo 0.00 0.00 1.00  halo
HD134606    -10   -9    1 0.01 0.99 0.00  thin 0.01 0.99 0.00  thin
HD134664     30    9  -17 0.02 0.98 0.00  thin 0.01 0.99 0.00  thin
HD134702     34   10   -6 0.02 0.98 0.00  thin 0.01 0.99 0.00  thin
HD134929B   -67  -43  -24 0.26 0.74 0.00  thin 0.10 0.90 0.00  thin
HD134985    -28  -62  -41 0.77 0.23 0.00 thick 0.44 0.56 0.00 trans
HD134987    -10  -29   29 0.05 0.95 0.00  thin 0.04 0.96 0.00  thin
HD135468     -4  -18   21 0.02 0.98 0.00  thin 0.02 0.98 0.00  thin
HD135625    -16   -2    9 0.01 0.99 0.00  thin 0.01 0.99 0.00  thin
HD13578     -43  -68   -2 0.40 0.60 0.00 trans 0.11 0.89 0.00  thin
HD136352   -109  -36   44 0.94 0.06 0.00 thick 0.65 0.35 0.01 trans
HD136713     10   -7   -5 0.01 0.99 0.00  thin 0.01 0.99 0.00  thin
HD136894      6   10    0 0.01 0.99 0.00  thin 0.01 0.99 0.00  thin
HD137010     64    2  -30 0.11 0.89 0.00  thin 0.05 0.95 0.00  thin
HD13724      26   -1   -9 0.01 0.99 0.00  thin 0.01 0.99 0.00  thin
HD137303   -150  -11    3 0.88 0.12 0.00 thick 0.23 0.77 0.00  thin
HD137388     28  -11    9 0.01 0.99 0.00  thin 0.01 0.99 0.00  thin
HD137676    -60  -18   18 0.05 0.95 0.00  thin 0.03 0.97 0.00  thin
HD13789      29   -6    5 0.01 0.99 0.00  thin 0.01 0.99 0.00  thin
HD13808      22    4  -34 0.06 0.94 0.00  thin 0.04 0.96 0.00  thin
HD138549      7  -17   25 0.03 0.97 0.00  thin 0.02 0.98 0.00  thin
HD138799     13  -41   15 0.05 0.95 0.00  thin 0.03 0.97 0.00  thin
HD1388      -33   -5  -27 0.04 0.96 0.00  thin 0.03 0.97 0.00  thin
HD138914     -1  -17    4 0.01 0.99 0.00  thin 0.01 0.99 0.00  thin
HD139189    -33   -2  -35 0.08 0.92 0.00  thin 0.05 0.95 0.00  thin
HD139332     10   -7    1 0.01 0.99 0.00  thin 0.01 0.99 0.00  thin
HD139536    -32   -7   15 0.02 0.98 0.00  thin 0.01 0.99 0.00  thin
HD139590    -25  -43   11 0.05 0.95 0.00  thin 0.03 0.97 0.00  thin
HD139710    -19  -29   -4 0.02 0.98 0.00  thin 0.01 0.99 0.00  thin
HD139879     15  -22  -16 0.02 0.98 0.00  thin 0.02 0.98 0.00  thin
HD140785    -44   11  -31 0.08 0.92 0.00  thin 0.04 0.96 0.00  thin
HD140901     -9  -15   13 0.01 0.99 0.00  thin 0.01 0.99 0.00  thin
HD141128    -28    5   -1 0.01 0.99 0.00  thin 0.01 0.99 0.00  thin
HD141597     -9    8  -10 0.01 0.99 0.00  thin 0.01 0.99 0.00  thin
HD141598    -15   12    9 0.01 0.99 0.00  thin 0.01 0.99 0.00  thin
HD141624     67  -22   34 0.22 0.78 0.00  thin 0.10 0.90 0.00  thin
HD141937     14   25   -1 0.02 0.98 0.00  thin 0.01 0.99 0.00  thin
HD142       -46  -25   -8 0.03 0.97 0.00  thin 0.02 0.98 0.00  thin
HD142022A   -18  -17   45 0.21 0.79 0.00  thin 0.16 0.84 0.00  thin
HD142709     34  -23   14 0.02 0.98 0.00  thin 0.02 0.98 0.00  thin
HD142879     36   37  -24 0.12 0.88 0.00  thin 0.03 0.97 0.00  thin
HD143114    -23    6    2 0.01 0.99 0.00  thin 0.01 0.99 0.00  thin
HD143295     -6  -11   -1 0.01 0.99 0.00  thin 0.01 0.99 0.00  thin
HD143638    -40   21   27 0.07 0.93 0.00  thin 0.03 0.97 0.00  thin
HD14374      -7    4  -13 0.01 0.99 0.00  thin 0.01 0.99 0.00  thin
HD143790     33   -7   16 0.02 0.98 0.00  thin 0.01 0.99 0.00  thin
HD144342    -35   -3    7 0.01 0.99 0.00  thin 0.01 0.99 0.00  thin
HD144411    -27   30   11 0.03 0.97 0.00  thin 0.01 0.99 0.00  thin
HD144497     52  -12   -5 0.02 0.98 0.00  thin 0.01 0.99 0.00  thin
HD14452     -29  -33   -6 0.03 0.97 0.00  thin 0.02 0.98 0.00  thin
HD144585    -14   -8   24 0.02 0.98 0.00  thin 0.02 0.98 0.00  thin
HD144589    -37    1    0 0.01 0.99 0.00  thin 0.01 0.99 0.00  thin
HD144628     48    0   28 0.06 0.94 0.00  thin 0.03 0.97 0.00  thin
HD144846     32   17    4 0.02 0.98 0.00  thin 0.01 0.99 0.00  thin
HD144880     14  -47  -45 0.54 0.46 0.00 trans 0.33 0.66 0.00 trans
HD145344    -62  -33   13 0.07 0.93 0.00  thin 0.03 0.97 0.00  thin
HD145377     24   16   10 0.02 0.98 0.00  thin 0.01 0.99 0.00  thin
HD145417    -40  -80  -22 0.85 0.15 0.00 thick 0.35 0.65 0.00 trans
HD145598     24  -59  -58 0.97 0.03 0.00 thick 0.86 0.13 0.01 thick
HD145666    -28  -34    5 0.03 0.97 0.00  thin 0.02 0.98 0.00  thin
HD145809     23   -3   31 0.04 0.96 0.00  thin 0.03 0.97 0.00  thin
HD145927     14  -13   24 0.02 0.98 0.00  thin 0.02 0.98 0.00  thin
HD1461      -20  -26    6 0.02 0.98 0.00  thin 0.01 0.99 0.00  thin
HD146233     38   -2  -15 0.02 0.98 0.00  thin 0.01 0.99 0.00  thin
HD14635     -30   -5   -1 0.01 0.99 0.00  thin 0.01 0.99 0.00  thin
HD14680     -70  -45  -13 0.19 0.81 0.00  thin 0.06 0.94 0.00  thin
HD147147      3  -17    0 0.01 0.99 0.00  thin 0.01 0.99 0.00  thin
HD147195     53  -60   12 0.33 0.67 0.00 trans 0.10 0.90 0.00  thin
HD14744      32    3    1 0.01 0.99 0.00  thin 0.01 0.99 0.00  thin
HD14745      27   26    2 0.02 0.98 0.00  thin 0.01 0.99 0.00  thin
HD14747      52  -62    1 0.31 0.69 0.00 trans 0.09 0.91 0.00  thin
HD147512      0  -15   -7 0.01 0.99 0.00  thin 0.01 0.99 0.00  thin
HD147513     25   11    6 0.01 0.99 0.00  thin 0.01 0.99 0.00  thin
HD147518    -40    3   57 0.67 0.33 0.00 trans 0.48 0.52 0.00 trans
HD148156     14   24    4 0.02 0.98 0.00  thin 0.01 0.99 0.00  thin
HD148211    -13  -86    6 0.84 0.16 0.00 thick 0.28 0.71 0.00  thin
HD148303    -22   -2  -10 0.01 0.99 0.00  thin 0.01 0.99 0.00  thin
HD148577     88  -24  -23 0.23 0.77 0.00  thin 0.08 0.92 0.00  thin
HD14868     -36    0   -8 0.01 0.99 0.00  thin 0.01 0.99 0.00  thin
HD148816     69 -194  -59 0.09 0.00 0.91  halo 0.34 0.00 0.66 trans
HD149200      6   -9   10 0.01 0.99 0.00  thin 0.01 0.99 0.00  thin
HD149396    -25   -6   14 0.01 0.99 0.00  thin 0.01 0.99 0.00  thin
HD149724    -20    3   -3 0.01 0.99 0.00  thin 0.01 0.99 0.00  thin
HD149747     -5   52   24 0.25 0.75 0.00  thin 0.04 0.96 0.00  thin
HD150139     90  -33  -19 0.27 0.73 0.00  thin 0.08 0.92 0.00  thin
HD150177      4  -10  -17 0.01 0.99 0.00  thin 0.01 0.99 0.00  thin
HD150433      3  -46  -38 0.31 0.69 0.00 trans 0.18 0.82 0.00  thin
HD150437     27   -3  -12 0.01 0.99 0.00  thin 0.01 0.99 0.00  thin
HD150474      0   -2   -7 0.01 0.99 0.00  thin 0.01 0.99 0.00  thin
HD151504    -54  -50  -37 0.56 0.44 0.00 trans 0.26 0.74 0.00  thin
HD151692    -26  -27   25 0.04 0.96 0.00  thin 0.03 0.97 0.00  thin
HD151772      6   17   -7 0.01 0.99 0.00  thin 0.01 0.99 0.00  thin
HD151933     28  -56   27 0.31 0.69 0.00 trans 0.13 0.87 0.00  thin
HD152433     28   13   -8 0.02 0.98 0.00  thin 0.01 0.99 0.00  thin
HD152533    -44  -43   10 0.07 0.93 0.00  thin 0.03 0.97 0.00  thin
HD153276     18   -3    2 0.01 0.99 0.00  thin 0.01 0.99 0.00  thin
HD15337      49   -7    5 0.02 0.98 0.00  thin 0.01 0.99 0.00  thin
HD153851    -30   -2   15 0.02 0.98 0.00  thin 0.01 0.99 0.00  thin
HD153950     39   -7  -34 0.08 0.92 0.00  thin 0.05 0.95 0.00  thin
HD154088     26   -3  -10 0.01 0.99 0.00  thin 0.01 0.99 0.00  thin
HD154195A    65   -4  -39 0.24 0.76 0.00  thin 0.12 0.88 0.00  thin
HD154363     58  -51   28 0.40 0.60 0.00 trans 0.15 0.85 0.00  thin
HD154387    -10   18    3 0.01 0.99 0.00  thin 0.01 0.99 0.00  thin
HD154577     37   37   23 0.11 0.89 0.00  thin 0.03 0.97 0.00  thin
HD154962     33  -10    7 0.01 0.99 0.00  thin 0.01 0.99 0.00  thin
HD155717     21   16   16 0.02 0.98 0.00  thin 0.01 0.99 0.00  thin
HD155968    -19   -2   10 0.01 0.99 0.00  thin 0.01 0.99 0.00  thin
HD156079    -87  -42  -20 0.37 0.63 0.00 trans 0.11 0.89 0.00  thin
HD156098    -31   -7   17 0.02 0.98 0.00  thin 0.01 0.99 0.00  thin
HD15612     -21  -38    1 0.03 0.97 0.00  thin 0.02 0.98 0.00  thin
HD156411    -44  -21  -12 0.03 0.97 0.00  thin 0.02 0.98 0.00  thin
HD156423    -24  -54   11 0.12 0.88 0.00  thin 0.05 0.95 0.00  thin
HD156517    -19  -40    0 0.03 0.97 0.00  thin 0.02 0.98 0.00  thin
HD156991    -17    4   -1 0.01 0.99 0.00  thin 0.01 0.99 0.00  thin
HD157172    -63  -12  -17 0.05 0.95 0.00  thin 0.02 0.98 0.00  thin
HD157338    -16   -8   -9 0.01 0.99 0.00  thin 0.01 0.99 0.00  thin
HD157347    -16   -5  -13 0.01 0.99 0.00  thin 0.01 0.99 0.00  thin
HD157668    -10  -22   -7 0.01 0.99 0.00  thin 0.01 0.99 0.00  thin
HD157830    -14    1   28 0.03 0.97 0.00  thin 0.02 0.98 0.00  thin
HD1581      -61    8  -37 0.20 0.80 0.00  thin 0.09 0.91 0.00  thin
HD15906      49   22  -10 0.03 0.97 0.00  thin 0.01 0.99 0.00  thin
HD159868    -25  -55   40 0.59 0.41 0.00 trans 0.31 0.68 0.00 trans
HD16008     -39  -22   18 0.03 0.97 0.00  thin 0.02 0.98 0.00  thin
HD160089    -22   -5   -1 0.01 0.99 0.00  thin 0.01 0.99 0.00  thin
HD160691     -3    4    3 0.01 0.99 0.00  thin 0.01 0.99 0.00  thin
HD160836      6    6   -1 0.01 0.99 0.00  thin 0.01 0.99 0.00  thin
HD161098     10  -28    0 0.02 0.98 0.00  thin 0.01 0.99 0.00  thin
HD161256     19   -2    5 0.01 0.99 0.00  thin 0.01 0.99 0.00  thin
HD16141     100  -33    5 0.29 0.71 0.00  thin 0.07 0.93 0.00  thin
HD161555     92    3    2 0.10 0.90 0.00  thin 0.03 0.97 0.00  thin
HD161566     30    1   18 0.02 0.98 0.00  thin 0.01 0.99 0.00  thin
HD161612      8  -61   -7 0.17 0.83 0.00  thin 0.06 0.94 0.00  thin
HD162020    -17   15    7 0.01 0.99 0.00  thin 0.01 0.99 0.00  thin
HD162236     12  -12    6 0.01 0.99 0.00  thin 0.01 0.99 0.00  thin
HD162396    -13    2  -23 0.02 0.98 0.00  thin 0.02 0.98 0.00  thin
HD16270      -1    4   -4 0.01 0.99 0.00  thin 0.01 0.99 0.00  thin
HD16280      18  -16    0 0.01 0.99 0.00  thin 0.01 0.99 0.00  thin
HD16297      16   29    2 0.02 0.98 0.00  thin 0.01 0.99 0.00  thin
HD163102      2  -23  -18 0.02 0.98 0.00  thin 0.02 0.98 0.00  thin
HD163436    -18  -13  -28 0.03 0.97 0.00  thin 0.03 0.97 0.00  thin
HD16382      19   23  -15 0.02 0.98 0.00  thin 0.01 0.99 0.00  thin
HD16417      33  -11   -1 0.01 0.99 0.00  thin 0.01 0.99 0.00  thin
HD165131     62  -18    5 0.03 0.97 0.00  thin 0.02 0.98 0.00  thin
HD16536      47  -27   19 0.05 0.95 0.00  thin 0.03 0.97 0.00  thin
HD16548     -30  -41   19 0.07 0.93 0.00  thin 0.04 0.96 0.00  thin
HD165920     78  -37  -33 0.44 0.56 0.00 trans 0.18 0.82 0.00  thin
HD166724    -11    5   -2 0.01 0.99 0.00  thin 0.01 0.99 0.00  thin
HD166745      4  -59   11 0.16 0.84 0.00  thin 0.06 0.94 0.00  thin
HD16714      52  -56   -4 0.20 0.80 0.00  thin 0.06 0.94 0.00  thin
HD167300     10    7   -9 0.01 0.99 0.00  thin 0.01 0.99 0.00  thin
HD167359    -22  -12  -14 0.01 0.99 0.00  thin 0.01 0.99 0.00  thin
HD167677    -28  -45  -41 0.42 0.58 0.00 trans 0.24 0.76 0.00  thin
HD16784    -110  -85   36 1.00 0.00 0.00 thick 0.92 0.06 0.02 thick
HD168159    -13   -5   13 0.01 0.99 0.00  thin 0.01 0.99 0.00  thin
HD168746     -8  -10    4 0.01 0.99 0.00  thin 0.01 0.99 0.00  thin
HD168769     37   10    2 0.02 0.98 0.00  thin 0.01 0.99 0.00  thin
HD168863     43  -32   10 0.04 0.96 0.00  thin 0.02 0.98 0.00  thin
HD168870     -5   18   26 0.03 0.97 0.00  thin 0.02 0.98 0.00  thin
HD168871     34  -11  -13 0.02 0.98 0.00  thin 0.01 0.99 0.00  thin
HD16905      42  -47  -24 0.17 0.83 0.00  thin 0.08 0.92 0.00  thin
HD169830     -6   14   11 0.01 0.99 0.00  thin 0.01 0.99 0.00  thin
HD170493    -32  -21  -18 0.02 0.98 0.00  thin 0.02 0.98 0.00  thin
HD17051     -20   -5   -2 0.01 0.99 0.00  thin 0.01 0.99 0.00  thin
HD170958    -26    5    0 0.01 0.99 0.00  thin 0.01 0.99 0.00  thin
HD171028     28    9   24 0.03 0.97 0.00  thin 0.02 0.98 0.00  thin
HD171587     -5  -18  -32 0.05 0.95 0.00  thin 0.04 0.96 0.00  thin
HD171665    -14  -18  -30 0.04 0.96 0.00  thin 0.03 0.97 0.00  thin
HD171825     20   13    2 0.01 0.99 0.00  thin 0.01 0.99 0.00  thin
HD171942    -22  -27  -11 0.02 0.98 0.00  thin 0.01 0.99 0.00  thin
HD171990     44   20    8 0.03 0.97 0.00  thin 0.01 0.99 0.00  thin
HD172513     -1    2    7 0.01 0.99 0.00  thin 0.01 0.99 0.00  thin
HD172568    -51  -14  -22 0.04 0.96 0.00  thin 0.03 0.97 0.00  thin
HD172643    -47    1   25 0.04 0.96 0.00  thin 0.03 0.97 0.00  thin
HD173885    -13  -14   20 0.02 0.98 0.00  thin 0.02 0.98 0.00  thin
HD174153     73  -21  -20 0.10 0.90 0.00  thin 0.04 0.96 0.00  thin
HD17439      31   -1    5 0.01 0.99 0.00  thin 0.01 0.99 0.00  thin
HD174545    -66   12   15 0.05 0.95 0.00  thin 0.02 0.98 0.00  thin
HD175179     99 -104  -19 1.00 0.00 0.00 thick 0.92 0.06 0.02 thick
HD17548      -3   44   40 0.41 0.59 0.00 trans 0.11 0.89 0.00  thin
HD175607   -115   -3    9 0.34 0.66 0.00 trans 0.06 0.93 0.00  thin
HD176157     49   10   13 0.03 0.97 0.00  thin 0.01 0.99 0.00  thin
HD176354    -30   -7   11 0.01 0.99 0.00  thin 0.01 0.99 0.00  thin
HD176535    -16   -5   13 0.01 0.99 0.00  thin 0.01 0.99 0.00  thin
HD176666     -9   55    3 0.17 0.83 0.00  thin 0.02 0.98 0.00  thin
HD176986     59   -3    3 0.02 0.98 0.00  thin 0.01 0.99 0.00  thin
HD177033    -41   20   -1 0.02 0.98 0.00  thin 0.01 0.99 0.00  thin
HD177122    -19   -3   12 0.01 0.99 0.00  thin 0.01 0.99 0.00  thin
HD177409     -8   20  -13 0.02 0.98 0.00  thin 0.01 0.99 0.00  thin
HD177565     69  -21   -9 0.05 0.95 0.00  thin 0.02 0.98 0.00  thin
HD177758     44  -63    5 0.30 0.70 0.00  thin 0.09 0.91 0.00  thin
HD17865      77  -46   -6 0.22 0.78 0.00  thin 0.07 0.93 0.00  thin
HD178904    -30   34  -34 0.20 0.80 0.00  thin 0.06 0.94 0.00  thin
HD179346     33   10    1 0.01 0.99 0.00  thin 0.01 0.99 0.00  thin
HD17970     -37  -44  -29 0.18 0.82 0.00  thin 0.09 0.91 0.00  thin
HD179949    -16   -1   -5 0.01 0.99 0.00  thin 0.01 0.99 0.00  thin
HD18001     -37   -7    7 0.01 0.99 0.00  thin 0.01 0.99 0.00  thin
HD180409    -45   -3   -1 0.02 0.98 0.00  thin 0.01 0.99 0.00  thin
HD18083     -34   -5   12 0.02 0.98 0.00  thin 0.01 0.99 0.00  thin
HD181249    -78  -43   -6 0.19 0.81 0.00  thin 0.06 0.94 0.00  thin
HD181428     36   24  -29 0.09 0.91 0.00  thin 0.03 0.97 0.00  thin
HD181433     68   11   16 0.06 0.94 0.00  thin 0.02 0.98 0.00  thin
HD181720    -43  -93  -34 0.99 0.01 0.00 thick 0.82 0.17 0.01 thick
HD183658     76   19    5 0.07 0.93 0.00  thin 0.02 0.98 0.00  thin
HD183783     73   23   15 0.10 0.90 0.00  thin 0.03 0.97 0.00  thin
HD18386     -39   -7   -9 0.02 0.98 0.00  thin 0.01 0.99 0.00  thin
HD183870    -39   -3    3 0.01 0.99 0.00  thin 0.01 0.99 0.00  thin
HD185283     61  -16    3 0.03 0.97 0.00  thin 0.02 0.98 0.00  thin
HD185615     26  -14   10 0.01 0.99 0.00  thin 0.01 0.99 0.00  thin
HD186061     28   -6   -1 0.01 0.99 0.00  thin 0.01 0.99 0.00  thin
HD186302      8    3   14 0.01 0.99 0.00  thin 0.01 0.99 0.00  thin
HD18719     -27  -41    8 0.04 0.96 0.00  thin 0.02 0.98 0.00  thin
HD187456    -16   -9   18 0.02 0.98 0.00  thin 0.01 0.99 0.00  thin
HD187760     -9    2   12 0.01 0.99 0.00  thin 0.01 0.99 0.00  thin
HD18777       8  -33   16 0.03 0.97 0.00  thin 0.02 0.98 0.00  thin
HD188091     11    2  -27 0.03 0.97 0.00  thin 0.02 0.98 0.00  thin
HD18822      23   18   -8 0.02 0.98 0.00  thin 0.01 0.99 0.00  thin
HD18838     -43  -22   32 0.10 0.90 0.00  thin 0.06 0.94 0.00  thin
HD188559     15   -2  -12 0.01 0.99 0.00  thin 0.01 0.99 0.00  thin
HD188748    -43   14   -8 0.02 0.98 0.00  thin 0.01 0.99 0.00  thin
HD188815     -3   26   -5 0.02 0.98 0.00  thin 0.01 0.99 0.00  thin
HD189004    -16  -38    1 0.03 0.97 0.00  thin 0.02 0.98 0.00  thin
HD189242     -2   -2   16 0.01 0.99 0.00  thin 0.01 0.99 0.00  thin
HD189567    -59  -19  -42 0.33 0.67 0.00 trans 0.18 0.82 0.00  thin
HD189625    -21   -5   -6 0.01 0.99 0.00  thin 0.01 0.99 0.00  thin
HD189987    -72  -63   21 0.69 0.31 0.00 trans 0.23 0.77 0.00  thin
HD190204     25   21    3 0.02 0.98 0.00  thin 0.01 0.99 0.00  thin
HD190248    -37   -1   -8 0.01 0.99 0.00  thin 0.01 0.99 0.00  thin
HD19034      16  -56   34 0.41 0.59 0.00 trans 0.19 0.81 0.00  thin
HD190524    -73  -35   -7 0.10 0.90 0.00  thin 0.04 0.96 0.00  thin
HD190613     13  -25   10 0.02 0.98 0.00  thin 0.01 0.99 0.00  thin
HD190647    -21  -48   23 0.12 0.88 0.00  thin 0.06 0.94 0.00  thin
HD190954     79  -15  -15 0.08 0.92 0.00  thin 0.03 0.97 0.00  thin
HD190984     36   25   -6 0.03 0.97 0.00  thin 0.01 0.99 0.00  thin
HD191033     42   -6   -1 0.01 0.99 0.00  thin 0.01 0.99 0.00  thin
HD191285     -5   -6   -1 0.01 0.99 0.00  thin 0.01 0.99 0.00  thin
HD191797     23   23    5 0.02 0.98 0.00  thin 0.01 0.99 0.00  thin
HD191847     13   18    8 0.02 0.98 0.00  thin 0.01 0.99 0.00  thin
HD191902    -26  -43  -26 0.12 0.88 0.00  thin 0.06 0.94 0.00  thin
HD192031     70  -24   25 0.13 0.87 0.00  thin 0.06 0.94 0.00  thin
HD192117     63   12   11 0.04 0.96 0.00  thin 0.02 0.98 0.00  thin
HD19230     -14   30   34 0.12 0.88 0.00  thin 0.04 0.96 0.00  thin
HD192310    -62    1  -12 0.03 0.97 0.00  thin 0.02 0.98 0.00  thin
HD192865     -5   22  -14 0.02 0.98 0.00  thin 0.01 0.99 0.00  thin
HD192961     54   -4   15 0.03 0.97 0.00  thin 0.02 0.98 0.00  thin
HD193193     85    1  -16 0.10 0.90 0.00  thin 0.03 0.97 0.00  thin
HD193406     27   16    1 0.02 0.98 0.00  thin 0.01 0.99 0.00  thin
HD193844    -43  -17   -8 0.02 0.98 0.00  thin 0.01 0.99 0.00  thin
HD193901   -146 -254  -83 0.00 0.00 1.00  halo 0.00 0.00 1.00  halo
HD19423      22    1  -13 0.01 0.99 0.00  thin 0.01 0.99 0.00  thin
HD19467      32  -16   -9 0.02 0.98 0.00  thin 0.01 0.99 0.00  thin
HD194717     41   10  -15 0.02 0.98 0.00  thin 0.01 0.99 0.00  thin
HD195145    -16  -32   22 0.04 0.96 0.00  thin 0.03 0.97 0.00  thin
HD195200     10  -13   -4 0.01 0.99 0.00  thin 0.01 0.99 0.00  thin
HD195302     38   -6  -10 0.02 0.98 0.00  thin 0.01 0.99 0.00  thin
HD195564     -7   32  -21 0.05 0.95 0.00  thin 0.02 0.98 0.00  thin
HD195633    -42  -10   -1 0.02 0.98 0.00  thin 0.01 0.99 0.00  thin
HD196050     78  -27    9 0.09 0.91 0.00  thin 0.03 0.97 0.00  thin
HD196384     23   19    4 0.02 0.98 0.00  thin 0.01 0.99 0.00  thin
HD196397     11  -55   23 0.18 0.82 0.00  thin 0.08 0.92 0.00  thin
HD19641     -21   11  -42 0.16 0.84 0.00  thin 0.09 0.91 0.00  thin
HD196761    -48   33   12 0.06 0.94 0.00  thin 0.02 0.98 0.00  thin
HD196800    -49  -56    1 0.19 0.81 0.00  thin 0.06 0.94 0.00  thin
HD196892      9 -116  -23 1.00 0.00 0.00 thick 0.92 0.07 0.02 thick
HD197083    -26   -6   55 0.53 0.47 0.00 trans 0.40 0.60 0.00 trans
HD197197     39  -50   43 0.65 0.35 0.00 trans 0.38 0.62 0.00 trans
HD197210     29   -7    2 0.01 0.99 0.00  thin 0.01 0.99 0.00  thin
HD197300     -7    7    5 0.01 0.99 0.00  thin 0.01 0.99 0.00  thin
HD197536     -9  -29  -29 0.06 0.94 0.00  thin 0.04 0.96 0.00  thin
HD197823    -19   -2   -4 0.01 0.99 0.00  thin 0.01 0.99 0.00  thin
HD1979       -4   -2   11 0.01 0.99 0.00  thin 0.01 0.99 0.00  thin
HD197921    -51  -28   10 0.04 0.96 0.00  thin 0.02 0.98 0.00  thin
HD198075     -2    9   21 0.02 0.98 0.00  thin 0.01 0.99 0.00  thin
HD199086     42  -16  -16 0.03 0.97 0.00  thin 0.02 0.98 0.00  thin
HD199190    -87  -16  -22 0.17 0.83 0.00  thin 0.06 0.94 0.00  thin
HD199288     34  -92   53 1.00 0.00 0.00 thick 0.96 0.02 0.01 thick
HD199289    -29  -56  -17 0.18 0.82 0.00  thin 0.07 0.93 0.00  thin
HD199604    -24  -64  -35 0.67 0.33 0.00 trans 0.32 0.68 0.00 trans
HD199847     32  -38  -24 0.08 0.92 0.00  thin 0.05 0.95 0.00  thin
HD199868     -9   15   -7 0.01 0.99 0.00  thin 0.01 0.99 0.00  thin
HD199933     18   21   -9 0.02 0.98 0.00  thin 0.01 0.99 0.00  thin
HD19994     -10   -7    1 0.01 0.99 0.00  thin 0.01 0.99 0.00  thin
HD199960      4  -12    4 0.01 0.99 0.00  thin 0.01 0.99 0.00  thin
HD20003       0   13   27 0.03 0.97 0.00  thin 0.02 0.98 0.00  thin
HD200083      2    3  -25 0.02 0.98 0.00  thin 0.02 0.98 0.00  thin
HD200143    -17  -40   -3 0.03 0.97 0.00  thin 0.02 0.98 0.00  thin
HD200349    -12   14    6 0.01 0.99 0.00  thin 0.01 0.99 0.00  thin
HD200505    -40   18   17 0.03 0.97 0.00  thin 0.01 0.99 0.00  thin
HD200538     31   13    6 0.02 0.98 0.00  thin 0.01 0.99 0.00  thin
HD200633     83    0  -11 0.08 0.92 0.00  thin 0.02 0.98 0.00  thin
HD201161     46  -59   13 0.27 0.73 0.00  thin 0.09 0.91 0.00  thin
HD2014      -19  -62  -19 0.27 0.73 0.00  thin 0.10 0.90 0.00  thin
HD201422    -27    0  -14 0.01 0.99 0.00  thin 0.01 0.99 0.00  thin
HD201496    -20  -21    3 0.01 0.99 0.00  thin 0.01 0.99 0.00  thin
HD202206     33   -7   -2 0.01 0.99 0.00  thin 0.01 0.99 0.00  thin
HD202209    -12    5   -3 0.01 0.99 0.00  thin 0.01 0.99 0.00  thin
HD202389    -60  -23    3 0.04 0.96 0.00  thin 0.02 0.98 0.00  thin
HD2025      -42  -10   -2 0.02 0.98 0.00  thin 0.01 0.99 0.00  thin
HD202605    -22   -7   -7 0.01 0.99 0.00  thin 0.01 0.99 0.00  thin
HD202819    -30    2  -31 0.05 0.95 0.00  thin 0.03 0.97 0.00  thin
HD202871    -24    7   -6 0.01 0.99 0.00  thin 0.01 0.99 0.00  thin
HD203335     -1  -30  -23 0.04 0.96 0.00  thin 0.03 0.97 0.00  thin
HD203384    -21  -22  -18 0.02 0.98 0.00  thin 0.02 0.98 0.00  thin
HD203413     37    3   -1 0.01 0.99 0.00  thin 0.01 0.99 0.00  thin
HD203432     26  -13   12 0.01 0.99 0.00  thin 0.01 0.99 0.00  thin
HD203771    -33  -39   14 0.05 0.95 0.00  thin 0.03 0.97 0.00  thin
HD203850    -69   35  -15 0.16 0.84 0.00  thin 0.03 0.97 0.00  thin
HD203897      1   -5   27 0.03 0.97 0.00  thin 0.02 0.98 0.00  thin
HD20407       5   28   -7 0.02 0.98 0.00  thin 0.01 0.99 0.00  thin
HD204287    -30   12   29 0.05 0.95 0.00  thin 0.03 0.97 0.00  thin
HD204313     14  -49   -6 0.06 0.94 0.00  thin 0.03 0.97 0.00  thin
HD204385    -21    3    3 0.01 0.99 0.00  thin 0.01 0.99 0.00  thin
HD20492     -17  -51   -1 0.07 0.93 0.00  thin 0.03 0.97 0.00  thin
HD204941     62   11    5 0.03 0.97 0.00  thin 0.01 0.99 0.00  thin
HD205294     28  -13  -23 0.03 0.97 0.00  thin 0.02 0.98 0.00  thin
HD205536     49   14  -14 0.03 0.97 0.00  thin 0.01 0.99 0.00  thin
HD205591     35  -23   -9 0.02 0.98 0.00  thin 0.01 0.99 0.00  thin
HD206116     12  -30  -15 0.02 0.98 0.00  thin 0.02 0.98 0.00  thin
HD206163     43    8   -2 0.02 0.98 0.00  thin 0.01 0.99 0.00  thin
HD206172    -29  -32   -7 0.03 0.97 0.00  thin 0.02 0.98 0.00  thin
HD20619     -14  -18    2 0.01 0.99 0.00  thin 0.01 0.99 0.00  thin
HD206630     33   34  -18 0.07 0.93 0.00  thin 0.02 0.98 0.00  thin
HD206998    -66  -38   87 1.00 0.00 0.00 thick 0.98 0.00 0.02 thick
HD2071       -9   -6    0 0.01 0.99 0.00  thin 0.01 0.99 0.00  thin
HD207129     -3  -10    8 0.01 0.99 0.00  thin 0.01 0.99 0.00  thin
HD207190     20    6   27 0.03 0.97 0.00  thin 0.02 0.98 0.00  thin
HD207583     43    0   -6 0.02 0.98 0.00  thin 0.01 0.99 0.00  thin
HD207699      4    2   20 0.02 0.98 0.00  thin 0.01 0.99 0.00  thin
HD207700     23  -56   66 0.99 0.01 0.00 thick 0.95 0.04 0.01 thick
HD20781     -26  -49    4 0.07 0.93 0.00  thin 0.03 0.97 0.00  thin
HD20782     -26  -49    5 0.07 0.93 0.00  thin 0.03 0.97 0.00  thin
HD207832    -16  -31   -6 0.02 0.98 0.00  thin 0.02 0.98 0.00  thin
HD207869     15  -23   65 0.90 0.10 0.00 thick 0.83 0.17 0.00 thick
HD20794     -68  -81  -22 0.94 0.06 0.00 thick 0.49 0.50 0.00 trans
HD207970    -26  -39   19 0.05 0.95 0.00  thin 0.03 0.97 0.00  thin
HD208        69  -30   15 0.09 0.91 0.00  thin 0.04 0.96 0.00  thin
HD208068    -32  -11   12 0.02 0.98 0.00  thin 0.01 0.99 0.00  thin
HD20807     -59  -34   23 0.12 0.88 0.00  thin 0.06 0.94 0.00  thin
HD208272      3  -19    9 0.01 0.99 0.00  thin 0.01 0.99 0.00  thin
HD208487      1  -16  -10 0.01 0.99 0.00  thin 0.01 0.99 0.00  thin
HD20852     -26   23    2 0.02 0.98 0.00  thin 0.01 0.99 0.00  thin
HD208573     16   -7   -9 0.01 0.99 0.00  thin 0.01 0.99 0.00  thin
HD208672     -9  -27  -13 0.02 0.98 0.00  thin 0.02 0.98 0.00  thin
HD20868     -53  -38    3 0.06 0.94 0.00  thin 0.03 0.97 0.00  thin
HD208704      5   22    4 0.02 0.98 0.00  thin 0.01 0.99 0.00  thin
HD209100    -69  -28   10 0.07 0.93 0.00  thin 0.03 0.97 0.00  thin
HD209449    -21   -3    2 0.01 0.99 0.00  thin 0.01 0.99 0.00  thin
HD209458      5   -4    7 0.01 0.99 0.00  thin 0.01 0.99 0.00  thin
HD209566    -47  -42  -28 0.18 0.82 0.00  thin 0.09 0.91 0.00  thin
HD209742    -46  -33    0 0.04 0.96 0.00  thin 0.02 0.98 0.00  thin
HD21019       7  -22  -38 0.10 0.90 0.00  thin 0.08 0.92 0.00  thin
HD210272     -9  -36  -34 0.13 0.87 0.00  thin 0.09 0.91 0.00  thin
HD210277     15  -38    1 0.03 0.97 0.00  thin 0.02 0.98 0.00  thin
HD210320     52   -8   -9 0.02 0.98 0.00  thin 0.01 0.99 0.00  thin
HD210329    -31   -7   12 0.01 0.99 0.00  thin 0.01 0.99 0.00  thin
HD210507    -16   -4    5 0.01 0.99 0.00  thin 0.01 0.99 0.00  thin
HD210573     34  -48   10 0.08 0.92 0.00  thin 0.04 0.96 0.00  thin
HD210752      2   40  -55 0.84 0.16 0.00 thick 0.48 0.52 0.00 trans
HD210918    -37  -79   -1 0.72 0.28 0.00 thick 0.21 0.79 0.00  thin
HD210975     28    0  -12 0.01 0.99 0.00  thin 0.01 0.99 0.00  thin
HD211038     41  -41  -16 0.07 0.93 0.00  thin 0.04 0.96 0.00  thin
HD211188    -19  -37    1 0.03 0.97 0.00  thin 0.02 0.98 0.00  thin
HD211317     14  -40    5 0.03 0.97 0.00  thin 0.02 0.98 0.00  thin
HD21132      28    4   -4 0.01 0.99 0.00  thin 0.01 0.99 0.00  thin
HD211369     -8   -5   -4 0.01 0.99 0.00  thin 0.01 0.99 0.00  thin
HD211415    -19  -30   14 0.02 0.98 0.00  thin 0.02 0.98 0.00  thin
HD211534    -28   -1   -4 0.01 0.99 0.00  thin 0.01 0.99 0.00  thin
HD211583    -21  -10  -12 0.01 0.99 0.00  thin 0.01 0.99 0.00  thin
HD21161     -16  -46    6 0.05 0.95 0.00  thin 0.03 0.97 0.00  thin
HD212036     32  -45  -17 0.08 0.92 0.00  thin 0.04 0.96 0.00  thin
HD21209A    -20   14   21 0.02 0.98 0.00  thin 0.01 0.99 0.00  thin
HD212231    -57  -28  -51 0.68 0.32 0.00 trans 0.46 0.53 0.00 trans
HD212301     -7  -14    8 0.01 0.99 0.00  thin 0.01 0.99 0.00  thin
HD21251       0   -3   -6 0.01 0.99 0.00  thin 0.01 0.99 0.00  thin
HD212563      3    1   15 0.01 0.99 0.00  thin 0.01 0.99 0.00  thin
HD212580     35   19   -8 0.02 0.98 0.00  thin 0.01 0.99 0.00  thin
HD212708    -27  -54  -13 0.13 0.87 0.00  thin 0.05 0.95 0.00  thin
HD212918    -64  -11  -26 0.08 0.92 0.00  thin 0.04 0.96 0.00  thin
HD213042     17  -50   -8 0.07 0.93 0.00  thin 0.03 0.97 0.00  thin
HD213240     36  -18   31 0.06 0.94 0.00  thin 0.04 0.96 0.00  thin
HD213575    -40   -7    0 0.01 0.99 0.00  thin 0.01 0.99 0.00  thin
HD213628    -50  -23   27 0.08 0.92 0.00  thin 0.04 0.96 0.00  thin
HD213852      3    5    9 0.01 0.99 0.00  thin 0.01 0.99 0.00  thin
HD213941      5  -54  -60 0.96 0.04 0.00 thick 0.88 0.12 0.01 thick
HD214094    -72   -3   14 0.05 0.95 0.00  thin 0.02 0.98 0.00  thin
HD21411     -35    5   10 0.02 0.98 0.00  thin 0.01 0.99 0.00  thin
HD214383     51    0   14 0.03 0.97 0.00  thin 0.01 0.99 0.00  thin
HD214385    -34    6  -70 0.97 0.03 0.00 thick 0.91 0.08 0.01 thick
HD214759    -37    1    3 0.01 0.99 0.00  thin 0.01 0.99 0.00  thin
HD214867      2   -9    6 0.01 0.99 0.00  thin 0.01 0.99 0.00  thin
HD214954    -23    2    5 0.01 0.99 0.00  thin 0.01 0.99 0.00  thin
HD214998    -25    0    0 0.01 0.99 0.00  thin 0.01 0.99 0.00  thin
HD215152     34  -15   15 0.02 0.98 0.00  thin 0.01 0.99 0.00  thin
HD215257    -55   30   51 0.77 0.23 0.00 thick 0.38 0.61 0.00 trans
HD215456    -29   -3    8 0.01 0.99 0.00  thin 0.01 0.99 0.00  thin
HD215497     47  -11  -22 0.04 0.96 0.00  thin 0.02 0.98 0.00  thin
HD215625     11   23    1 0.02 0.98 0.00  thin 0.01 0.99 0.00  thin
HD215722      5   11  -22 0.02 0.98 0.00  thin 0.01 0.99 0.00  thin
HD215902     58   13  -14 0.04 0.96 0.00  thin 0.02 0.98 0.00  thin
HD215906     58  -11  -25 0.06 0.94 0.00  thin 0.03 0.97 0.00  thin
HD216008     60  -38  -24 0.16 0.84 0.00  thin 0.07 0.93 0.00  thin
HD216215     10    2  -28 0.03 0.97 0.00  thin 0.02 0.98 0.00  thin
HD216435    -16   -9   -3 0.01 0.99 0.00  thin 0.01 0.99 0.00  thin
HD216770      1  -21  -39 0.11 0.89 0.00  thin 0.08 0.92 0.00  thin
HD216777    -74  -36  -14 0.14 0.86 0.00  thin 0.05 0.95 0.00  thin
HD21693     -19  -34   -6 0.02 0.98 0.00  thin 0.02 0.98 0.00  thin
HD217221     -7   27  -28 0.06 0.94 0.00  thin 0.03 0.97 0.00  thin
HD217395     19   19   -1 0.02 0.98 0.00  thin 0.01 0.99 0.00  thin
HD21749      21  -53  -11 0.11 0.89 0.00  thin 0.05 0.95 0.00  thin
HD21759     -40   31    9 0.04 0.96 0.00  thin 0.01 0.99 0.00  thin
HD217786     54   -8  -11 0.03 0.97 0.00  thin 0.01 0.99 0.00  thin
HD217958     54  -13  -12 0.03 0.97 0.00  thin 0.02 0.98 0.00  thin
HD218249     43    2   46 0.29 0.71 0.00  thin 0.17 0.83 0.00  thin
HD218340    -10  -13    3 0.01 0.99 0.00  thin 0.01 0.99 0.00  thin
HD218379    -10  -56    7 0.11 0.89 0.00  thin 0.04 0.96 0.00  thin
HD218504     30    1   42 0.16 0.84 0.00  thin 0.10 0.90 0.00  thin
HD218511     34    5   21 0.03 0.97 0.00  thin 0.02 0.98 0.00  thin
HD218572      6   33  -18 0.04 0.96 0.00  thin 0.01 0.99 0.00  thin
HD218750     35  -58   18 0.25 0.75 0.00  thin 0.09 0.91 0.00  thin
HD218885    -27  -11   13 0.01 0.99 0.00  thin 0.01 0.99 0.00  thin
HD219077    -55  -48   37 0.53 0.47 0.00 trans 0.26 0.74 0.00  thin
HD219249    -26   14   -2 0.01 0.99 0.00  thin 0.01 0.99 0.00  thin
HD21938      10   -5  -79 0.99 0.01 0.00 thick 0.98 0.02 0.01 thick
HD219495      8  -80  -28 0.86 0.14 0.00 thick 0.40 0.59 0.00 trans
HD21977     -16  -36    3 0.02 0.98 0.00  thin 0.02 0.98 0.00  thin
HD220256      1  -32  -19 0.03 0.97 0.00  thin 0.02 0.98 0.00  thin
HD220339    -30   31  -30 0.12 0.88 0.00  thin 0.04 0.96 0.00  thin
HD220367     24   -4    1 0.01 0.99 0.00  thin 0.01 0.99 0.00  thin
HD220456    -40  -23   -7 0.02 0.98 0.00  thin 0.01 0.99 0.00  thin
HD22049       8   19  -13 0.02 0.98 0.00  thin 0.01 0.99 0.00  thin
HD220507     31  -21    0 0.02 0.98 0.00  thin 0.01 0.99 0.00  thin
HD220894     70    9    7 0.04 0.96 0.00  thin 0.02 0.98 0.00  thin
HD221146     14    1   18 0.02 0.98 0.00  thin 0.01 0.99 0.00  thin
HD221287    -39    1   11 0.02 0.98 0.00  thin 0.01 0.99 0.00  thin
HD221343      1  -14  -13 0.01 0.99 0.00  thin 0.01 0.99 0.00  thin
HD221356      2  -21    2 0.01 0.99 0.00  thin 0.01 0.99 0.00  thin
HD221420     22   -5  -10 0.01 0.99 0.00  thin 0.01 0.99 0.00  thin
HD221580   -183 -226   10 0.00 0.00 1.00  halo 0.01 0.00 0.99  halo
HD221638     -1   21   -9 0.02 0.98 0.00  thin 0.01 0.99 0.00  thin
HD22177       1  -53   -7 0.08 0.92 0.00  thin 0.04 0.96 0.00  thin
HD221974    -91  -38    0 0.23 0.77 0.00  thin 0.06 0.94 0.00  thin
HD222237     42  -59  -16 0.26 0.74 0.00  thin 0.09 0.91 0.00  thin
HD222335      9  -17   13 0.01 0.99 0.00  thin 0.01 0.99 0.00  thin
HD222422    -19   -5  -14 0.01 0.99 0.00  thin 0.01 0.99 0.00  thin
HD22249       4   -4    0 0.01 0.99 0.00  thin 0.01 0.99 0.00  thin
HD222582     48   12   -4 0.02 0.98 0.00  thin 0.01 0.99 0.00  thin
HD222595     -9   -4  -18 0.01 0.99 0.00  thin 0.01 0.99 0.00  thin
HD222669     47   -7   11 0.02 0.98 0.00  thin 0.01 0.99 0.00  thin
HD222721     62   -4   -3 0.03 0.97 0.00  thin 0.01 0.99 0.00  thin
HD22282      17  -25   12 0.02 0.98 0.00  thin 0.01 0.99 0.00  thin
HD223121    -12  -10   18 0.02 0.98 0.00  thin 0.01 0.99 0.00  thin
HD223171    100    0    9 0.16 0.84 0.00  thin 0.04 0.96 0.00  thin
HD223272    -32    0  -32 0.05 0.95 0.00  thin 0.03 0.97 0.00  thin
HD223282     -5   -9   -6 0.01 0.99 0.00  thin 0.01 0.99 0.00  thin
HD223315    -21  -28  -10 0.02 0.98 0.00  thin 0.01 0.99 0.00  thin
HD223854    -12   30   -3 0.02 0.98 0.00  thin 0.01 0.99 0.00  thin
HD224047      5   20   -7 0.02 0.98 0.00  thin 0.01 0.99 0.00  thin
HD224063     -9  -48    6 0.05 0.95 0.00  thin 0.03 0.97 0.00  thin
HD224230     88   -5    1 0.08 0.92 0.00  thin 0.03 0.97 0.00  thin
HD224287     52  -21  -17 0.04 0.96 0.00  thin 0.02 0.98 0.00  thin
HD224347    -10  -41  -15 0.05 0.95 0.00  thin 0.03 0.97 0.00  thin
HD224393    -30  -13   -1 0.01 0.99 0.00  thin 0.01 0.99 0.00  thin
HD224432    -41  -23    0 0.02 0.98 0.00  thin 0.01 0.99 0.00  thin
HD224433     52  -21    5 0.03 0.97 0.00  thin 0.02 0.98 0.00  thin
HD224578      4   -6   -6 0.01 0.99 0.00  thin 0.01 0.99 0.00  thin
HD224619    -23  -40  -30 0.12 0.88 0.00  thin 0.07 0.93 0.00  thin
HD224685    -37    2  -31 0.06 0.94 0.00  thin 0.03 0.97 0.00  thin
HD224789     34  -11  -12 0.02 0.98 0.00  thin 0.01 0.99 0.00  thin
HD224817   -101  -80  -18 0.98 0.02 0.00 thick 0.64 0.35 0.01 trans
HD225297    -39    2   -9 0.02 0.98 0.00  thin 0.01 0.99 0.00  thin
HD22610      -7   12   11 0.01 0.99 0.00  thin 0.01 0.99 0.00  thin
HD22879    -100  -77  -36 0.99 0.01 0.00 thick 0.83 0.15 0.01 thick
HD22897      33    0  -15 0.02 0.98 0.00  thin 0.01 0.99 0.00  thin
HD22918     -33  -86    7 0.87 0.13 0.00 thick 0.32 0.68 0.00 trans
HD23030      47   19   19 0.05 0.95 0.00  thin 0.02 0.98 0.00  thin
HD23079      38   27   -8 0.03 0.97 0.00  thin 0.01 0.99 0.00  thin
HD23249      -2   39   20 0.08 0.92 0.00  thin 0.02 0.98 0.00  thin
HD23356     -19   -3    3 0.01 0.99 0.00  thin 0.01 0.99 0.00  thin
HD23456     -82   14  -19 0.12 0.88 0.00  thin 0.03 0.97 0.00  thin
HD23472      31   -1  -26 0.03 0.97 0.00  thin 0.02 0.98 0.00  thin
HD23901     -14   -4  -10 0.01 0.99 0.00  thin 0.01 0.99 0.00  thin
HD24062      40  -10   -1 0.01 0.99 0.00  thin 0.01 0.99 0.00  thin
HD24085      39  -11   -1 0.01 0.99 0.00  thin 0.01 0.99 0.00  thin
HD24112     -22  -18  -10 0.01 0.99 0.00  thin 0.01 0.99 0.00  thin
HD24331     -77   20   -3 0.08 0.92 0.00  thin 0.02 0.98 0.00  thin
HD24558     -62  -41   40 0.53 0.47 0.00 trans 0.27 0.73 0.00  thin
HD24633     -14   20    1 0.02 0.98 0.00  thin 0.01 0.99 0.00  thin
HD24892      22  -54  -22 0.18 0.82 0.00  thin 0.08 0.92 0.00  thin
HD25061     -79  -39    0 0.15 0.85 0.00  thin 0.05 0.95 0.00  thin
HD25105     -11   12   -4 0.01 0.99 0.00  thin 0.01 0.99 0.00  thin
HD25120       2    6   -6 0.01 0.99 0.00  thin 0.01 0.99 0.00  thin
HD25171     -18  -40   -6 0.03 0.97 0.00  thin 0.02 0.98 0.00  thin
HD25357      -9  -27   16 0.02 0.98 0.00  thin 0.02 0.98 0.00  thin
HD25565      48   21   20 0.05 0.95 0.00  thin 0.02 0.98 0.00  thin
HD25587     -20    3   18 0.02 0.98 0.00  thin 0.01 0.99 0.00  thin
HD2567       66  -16  -21 0.07 0.93 0.00  thin 0.03 0.97 0.00  thin
HD25673     -51   24    6 0.04 0.96 0.00  thin 0.01 0.99 0.00  thin
HD25704    -115  -54   -3 0.82 0.18 0.00 thick 0.24 0.76 0.00  thin
HD25912      50    6   -1 0.02 0.98 0.00  thin 0.01 0.99 0.00  thin
HD2638       58  -14  -18 0.04 0.96 0.00  thin 0.02 0.98 0.00  thin
HD26430      51  -18    4 0.02 0.98 0.00  thin 0.01 0.99 0.00  thin
HD26729       6  -46   14 0.06 0.94 0.00  thin 0.03 0.97 0.00  thin
HD26887     -46   -6  -18 0.03 0.97 0.00  thin 0.02 0.98 0.00  thin
HD26965A    108    0  -34 0.61 0.39 0.00 trans 0.19 0.81 0.00  thin
HD27063      40   -4  -11 0.02 0.98 0.00  thin 0.01 0.99 0.00  thin
HD27471     -17  -21  -14 0.02 0.98 0.00  thin 0.01 0.99 0.00  thin
HD2768       15   13  -22 0.03 0.97 0.00  thin 0.02 0.98 0.00  thin
HD27894     -54  -61  -35 0.74 0.26 0.00 thick 0.35 0.65 0.00 trans
HD28185     -23  -24  -15 0.02 0.98 0.00  thin 0.02 0.98 0.00  thin
HD28254      53   18    6 0.03 0.97 0.00  thin 0.01 0.99 0.00  thin
HD283       -45   -4   42 0.20 0.80 0.00  thin 0.12 0.88 0.00  thin
HD28471     -43  -13  -55 0.63 0.37 0.00 trans 0.46 0.53 0.00 trans
HD28701       0   -1   32 0.04 0.96 0.00  thin 0.03 0.97 0.00  thin
HD28807      -9  -11   19 0.02 0.98 0.00  thin 0.01 0.99 0.00  thin
HD28821     -15   -3  -16 0.01 0.99 0.00  thin 0.01 0.99 0.00  thin
HD28969     -33   -1   11 0.01 0.99 0.00  thin 0.01 0.99 0.00  thin
HD290038    -13   17  -18 0.02 0.98 0.00  thin 0.01 0.99 0.00  thin
HD290327     -1  -24   -7 0.01 0.99 0.00  thin 0.01 0.99 0.00  thin
HD29137     -98  -34   -4 0.27 0.73 0.00  thin 0.07 0.93 0.00  thin
HD291763    -30  -75 -102 0.99 0.00 0.01 thick 0.96 0.00 0.04 thick
HD29263       6  -18   20 0.02 0.98 0.00  thin 0.02 0.98 0.00  thin
HD29303       2  -19    5 0.01 0.99 0.00  thin 0.01 0.99 0.00  thin
HD29428     -15  -33   -3 0.02 0.98 0.00  thin 0.02 0.98 0.00  thin
HD297396    -39   -5   -9 0.02 0.98 0.00  thin 0.01 0.99 0.00  thin
HD29980     -23   -1    4 0.01 0.99 0.00  thin 0.01 0.99 0.00  thin
HD29985      27  -38  -36 0.18 0.82 0.00  thin 0.11 0.89 0.00  thin
HD30053      69   -2   -1 0.03 0.97 0.00  thin 0.02 0.98 0.00  thin
HD30177       8  -47  -20 0.08 0.92 0.00  thin 0.05 0.95 0.00  thin
HD30278      28  -46  -26 0.15 0.85 0.00  thin 0.07 0.93 0.00  thin
HD30306      16   37   12 0.05 0.95 0.00  thin 0.01 0.99 0.00  thin
HD30523      -3  -14   -4 0.01 0.99 0.00  thin 0.01 0.99 0.00  thin
HD30669     -48  -59   18 0.33 0.67 0.00 trans 0.11 0.89 0.00  thin
HD30858      -2    1  -14 0.01 0.99 0.00  thin 0.01 0.99 0.00  thin
HD309701    -28   -3   -5 0.01 0.99 0.00  thin 0.01 0.99 0.00  thin
HD31103     -10  -35   -3 0.02 0.98 0.00  thin 0.02 0.98 0.00  thin
HD31128     -52  -90  -21 0.97 0.03 0.00 thick 0.60 0.40 0.01 trans
HD31527     -20   19  -11 0.02 0.98 0.00  thin 0.01 0.99 0.00  thin
HD31532       3   -1  -26 0.02 0.98 0.00  thin 0.02 0.98 0.00  thin
HD31560      21  -11   12 0.01 0.99 0.00  thin 0.01 0.99 0.00  thin
HD31822      13   -5  -14 0.01 0.99 0.00  thin 0.01 0.99 0.00  thin
HD3220       -2   25   12 0.02 0.98 0.00  thin 0.01 0.99 0.00  thin
HD3229      -15  -14  -13 0.01 0.99 0.00  thin 0.01 0.99 0.00  thin
HD323631      5   14  -47 0.26 0.74 0.00  thin 0.15 0.85 0.00  thin
HD324492    -39 -129  -13 0.99 0.00 0.01 thick 0.95 0.02 0.03 thick
HD326267     23  -45  -36 0.26 0.74 0.00  thin 0.14 0.86 0.00  thin
HD32724      72   -3   26 0.11 0.89 0.00  thin 0.04 0.95 0.00  thin
HD32804      27   11    6 0.01 0.99 0.00  thin 0.01 0.99 0.00  thin
HD329788    -65  -86  -17 0.96 0.04 0.00 thick 0.51 0.48 0.00 trans
HD330075     34  -67   28 0.64 0.36 0.00 trans 0.25 0.75 0.00  thin
HD33081      47   -7    2 0.02 0.98 0.00  thin 0.01 0.99 0.00  thin
HD33473A    -68   16  -28 0.14 0.86 0.00  thin 0.05 0.95 0.00  thin
HD33725      55  -36  -32 0.21 0.79 0.00  thin 0.10 0.90 0.00  thin
HD33811     -54  -32   -3 0.04 0.96 0.00  thin 0.02 0.98 0.00  thin
HD33822      23   17    3 0.02 0.98 0.00  thin 0.01 0.99 0.00  thin
HD34327      32  -14    7 0.01 0.99 0.00  thin 0.01 0.99 0.00  thin
HD34449      27  -12    5 0.01 0.99 0.00  thin 0.01 0.99 0.00  thin
HD34688     -28  -45   14 0.07 0.93 0.00  thin 0.03 0.97 0.00  thin
HD3569      -20   23  -22 0.04 0.96 0.00  thin 0.02 0.98 0.00  thin
HD35854       6  -19   11 0.01 0.99 0.00  thin 0.01 0.99 0.00  thin
HD36003      86   10  -11 0.10 0.90 0.00  thin 0.03 0.97 0.00  thin
HD36051      -4   17    4 0.01 0.99 0.00  thin 0.01 0.99 0.00  thin
HD361        14   14    0 0.01 0.99 0.00  thin 0.01 0.99 0.00  thin
HD36108     -25   20  -18 0.03 0.97 0.00  thin 0.01 0.99 0.00  thin
HD36179      -8   -9   11 0.01 0.99 0.00  thin 0.01 0.99 0.00  thin
HD36379      33  -63    0 0.23 0.77 0.00  thin 0.07 0.93 0.00  thin
HD37226       3  -29    1 0.02 0.98 0.00  thin 0.01 0.99 0.00  thin
HD37548     -19  -64   -7 0.22 0.78 0.00  thin 0.07 0.93 0.00  thin
HD37962      66  -12  -19 0.06 0.94 0.00  thin 0.03 0.97 0.00  thin
HD37986     -20  -50    7 0.07 0.93 0.00  thin 0.04 0.96 0.00  thin
HD37990       0   22  -24 0.03 0.97 0.00  thin 0.02 0.98 0.00  thin
HD38078      33  -13   -6 0.01 0.99 0.00  thin 0.01 0.99 0.00  thin
HD3808       68  -13  -11 0.04 0.96 0.00  thin 0.02 0.98 0.00  thin
HD3823      -99   -5  -28 0.35 0.65 0.00 trans 0.10 0.90 0.00  thin
HD38265      24   15    2 0.01 0.99 0.00  thin 0.01 0.99 0.00  thin
HD38277       3  -30   -4 0.02 0.98 0.00  thin 0.01 0.99 0.00  thin
HD38355     -29  -12    1 0.01 0.99 0.00  thin 0.01 0.99 0.00  thin
HD38382     -17   -8   -8 0.01 0.99 0.00  thin 0.01 0.99 0.00  thin
HD38385       5   -4   11 0.01 0.99 0.00  thin 0.01 0.99 0.00  thin
HD38510    -165  -62  -68 0.99 0.00 0.01 thick 0.92 0.00 0.08 thick
HD38772      40   16  -10 0.02 0.98 0.00  thin 0.01 0.99 0.00  thin
HD38858      -6  -17   -5 0.01 0.99 0.00  thin 0.01 0.99 0.00  thin
HD38973      31   12   13 0.02 0.98 0.00  thin 0.01 0.99 0.00  thin
HD39091     -72  -35    6 0.10 0.90 0.00  thin 0.04 0.96 0.00  thin
HD39194    -137    0  -45 0.98 0.02 0.00 thick 0.73 0.26 0.01 thick
HD39427     -46   -5    7 0.02 0.98 0.00  thin 0.01 0.99 0.00  thin
HD3964        2  -35    3 0.02 0.98 0.00  thin 0.02 0.98 0.00  thin
HD40105     -80   18   32 0.30 0.69 0.00 trans 0.09 0.91 0.00  thin
HD4021        8   18   12 0.02 0.98 0.00  thin 0.01 0.99 0.00  thin
HD40307      14  -13  -11 0.01 0.99 0.00  thin 0.01 0.99 0.00  thin
HD40397     -95  -80  -30 0.99 0.01 0.00 thick 0.77 0.22 0.01 thick
HD40483     -12   -9   15 0.01 0.99 0.00  thin 0.01 0.99 0.00  thin
HD40503      -7   21  -12 0.02 0.98 0.00  thin 0.01 0.99 0.00  thin
HD40865     -42  -32   48 0.52 0.48 0.00 trans 0.34 0.66 0.00 trans
HD41087      33   13    2 0.02 0.98 0.00  thin 0.01 0.99 0.00  thin
HD41248      -2   -6   34 0.05 0.95 0.00  thin 0.04 0.96 0.00  thin
HD41323     -72   14  -10 0.06 0.94 0.00  thin 0.02 0.98 0.00  thin
HD4208      -41    7  -50 0.45 0.55 0.00 trans 0.27 0.73 0.00  thin
HD42505     -10  -14    4 0.01 0.99 0.00  thin 0.01 0.99 0.00  thin
HD4307       32  -12   10 0.01 0.99 0.00  thin 0.01 0.99 0.00  thin
HD4308       62  -98  -19 0.99 0.01 0.00 thick 0.75 0.24 0.01 thick
HD43197     -25  -62   18 0.27 0.73 0.00  thin 0.09 0.91 0.00  thin
HD44120      66   20   -6 0.05 0.95 0.00  thin 0.02 0.98 0.00  thin
HD44219      25    9   23 0.03 0.97 0.00  thin 0.02 0.98 0.00  thin
HD44420      26   -9   -7 0.01 0.99 0.00  thin 0.01 0.99 0.00  thin
HD44447       6    0   -1 0.01 0.99 0.00  thin 0.01 0.99 0.00  thin
HD4457       40   -3  -20 0.02 0.98 0.00  thin 0.02 0.98 0.00  thin
HD44573      56   18    7 0.03 0.97 0.00  thin 0.01 0.99 0.00  thin
HD44594      33  -57    0 0.15 0.85 0.00  thin 0.05 0.95 0.00  thin
HD44804      -1    1    3 0.01 0.99 0.00  thin 0.01 0.99 0.00  thin
HD45184      21   18  -11 0.02 0.98 0.00  thin 0.01 0.99 0.00  thin
HD45289    -104  -11    4 0.19 0.81 0.00  thin 0.05 0.95 0.00  thin
HD45364       6   -5    9 0.01 0.99 0.00  thin 0.01 0.99 0.00  thin
HD457       -19   -5   22 0.02 0.98 0.00  thin 0.02 0.98 0.00  thin
HD4597       86  -27   60 0.97 0.03 0.00 thick 0.87 0.12 0.01 thick
HD45977     -31    0  -14 0.02 0.98 0.00  thin 0.01 0.99 0.00  thin
HD47186      50  -14   -9 0.02 0.98 0.00  thin 0.01 0.99 0.00  thin
HD48115      10   14   -3 0.01 0.99 0.00  thin 0.01 0.99 0.00  thin
HD4838        0    7   -7 0.01 0.99 0.00  thin 0.01 0.99 0.00  thin
HD48611     -45   -5  -20 0.03 0.97 0.00  thin 0.02 0.98 0.00  thin
HD49035     -29   -6  -20 0.02 0.98 0.00  thin 0.02 0.98 0.00  thin
HD4915       -4  -13    6 0.01 0.99 0.00  thin 0.01 0.99 0.00  thin
HD50590     -25  -43   30 0.16 0.84 0.00  thin 0.09 0.91 0.00  thin
HD50806      28  -83    1 0.78 0.22 0.00 thick 0.24 0.76 0.00  thin
HD51608      32  -22  -18 0.03 0.97 0.00  thin 0.02 0.98 0.00  thin
HD51754     209 -111   12 0.89 0.00 0.11 thick 0.67 0.00 0.33 trans
HD52265     -42   -8   -2 0.01 0.99 0.00  thin 0.01 0.99 0.00  thin
HD52449     -33   -2   -1 0.01 0.99 0.00  thin 0.01 0.99 0.00  thin
HD52919      45   20  -20 0.05 0.95 0.00  thin 0.02 0.98 0.00  thin
HD5349       63  -12   20 0.05 0.95 0.00  thin 0.03 0.97 0.00  thin
HD5388       59  -24  -14 0.05 0.95 0.00  thin 0.02 0.98 0.00  thin
HD54521     -14    4    7 0.01 0.99 0.00  thin 0.01 0.99 0.00  thin
HD55         46  -35    6 0.04 0.96 0.00  thin 0.02 0.98 0.00  thin
HD55693     -25   -2   -3 0.01 0.99 0.00  thin 0.01 0.99 0.00  thin
HD56274     -78    5  -50 0.73 0.27 0.00 thick 0.41 0.59 0.00 trans
HD56380     -68  -64  -23 0.68 0.32 0.00 trans 0.23 0.76 0.00  thin
HD564        38   17    2 0.02 0.98 0.00  thin 0.01 0.99 0.00  thin
HD57568     -73   36   24 0.28 0.72 0.00  thin 0.05 0.95 0.00  thin
HD58489     -13   33   18 0.05 0.95 0.00  thin 0.02 0.98 0.00  thin
HD58676      41   22   -3 0.03 0.97 0.00  thin 0.01 0.99 0.00  thin
HD59468      -1   17  -21 0.02 0.98 0.00  thin 0.01 0.99 0.00  thin
HD59711A     22   -7    6 0.01 0.99 0.00  thin 0.01 0.99 0.00  thin
HD59984     -19  -38   -9 0.03 0.97 0.00  thin 0.02 0.98 0.00  thin
HD61051      32  -48   17 0.10 0.90 0.00  thin 0.05 0.95 0.00  thin
HD61383      15  -61   51 0.91 0.09 0.00 thick 0.70 0.29 0.00 thick
HD61447     -68  -47    7 0.17 0.83 0.00  thin 0.06 0.94 0.00  thin
HD61902      74  -10  -35 0.24 0.76 0.00  thin 0.11 0.89 0.00  thin
HD61986     103  -29   43 0.86 0.14 0.00 thick 0.49 0.50 0.00 trans
HD62128     -68  -60   23 0.59 0.41 0.00 trans 0.19 0.81 0.00  thin
HD62364      10   -9  -34 0.06 0.94 0.00  thin 0.04 0.96 0.00  thin
HD62847      48   -2   -1 0.02 0.98 0.00  thin 0.01 0.99 0.00  thin
HD62849     -12  -40   17 0.04 0.96 0.00  thin 0.03 0.97 0.00  thin
HD63454      26  -13  -11 0.01 0.99 0.00  thin 0.01 0.99 0.00  thin
HD6348       59   10    8 0.03 0.97 0.00  thin 0.01 0.99 0.00  thin
HD63685     -53  -24   13 0.04 0.96 0.00  thin 0.02 0.98 0.00  thin
HD63754       5  -39  -13 0.04 0.96 0.00  thin 0.02 0.98 0.00  thin
HD63765      60  -12    2 0.03 0.97 0.00  thin 0.01 0.99 0.00  thin
HD64640     -15   -9    9 0.01 0.99 0.00  thin 0.01 0.99 0.00  thin
HD65216     -16  -29  -13 0.02 0.98 0.00  thin 0.02 0.98 0.00  thin
HD65277       8   18   -5 0.01 0.99 0.00  thin 0.01 0.99 0.00  thin
HD65562      18   17  -34 0.08 0.92 0.00  thin 0.04 0.96 0.00  thin
HD65907A     23  -12   41 0.13 0.87 0.00  thin 0.10 0.90 0.00  thin
HD65982     -72  -32    1 0.08 0.92 0.00  thin 0.03 0.97 0.00  thin
HD66039      26   16   -1 0.01 0.99 0.00  thin 0.01 0.99 0.00  thin
HD66040       4  -49  -10 0.07 0.93 0.00  thin 0.03 0.97 0.00  thin
HD66168     -17   -6   12 0.01 0.99 0.00  thin 0.01 0.99 0.00  thin
HD66221      12  -31  -35 0.11 0.89 0.00  thin 0.08 0.92 0.00  thin
HD66340      16   11   -5 0.01 0.99 0.00  thin 0.01 0.99 0.00  thin
HD66428      -2  -53  -21 0.14 0.86 0.00  thin 0.06 0.94 0.00  thin
HD6673      -44  -28    4 0.03 0.97 0.00  thin 0.02 0.98 0.00  thin
HD66740     -16  -13    9 0.01 0.99 0.00  thin 0.01 0.99 0.00  thin
HD66838      39   16   16 0.03 0.97 0.00  thin 0.01 0.99 0.00  thin
HD67          2  -15    8 0.01 0.99 0.00  thin 0.01 0.99 0.00  thin
HD6718      -41   -4  -21 0.03 0.97 0.00  thin 0.02 0.98 0.00  thin
HD67200      -6  -12   17 0.01 0.99 0.00  thin 0.01 0.99 0.00  thin
HD6735       -6  -16   -3 0.01 0.99 0.00  thin 0.01 0.99 0.00  thin
HD67458      70    5   18 0.06 0.94 0.00  thin 0.02 0.98 0.00  thin
HD68089    -127  -33  -76 1.00 0.00 0.00 thick 0.97 0.00 0.03 thick
HD68284     -45   -9   33 0.08 0.92 0.00  thin 0.05 0.95 0.00  thin
HD68287     -38   -1    7 0.01 0.99 0.00  thin 0.01 0.99 0.00  thin
HD68607      -1    4  -16 0.01 0.99 0.00  thin 0.01 0.99 0.00  thin
HD68978A    -45  -23  -17 0.03 0.97 0.00  thin 0.02 0.98 0.00  thin
HD69611     -27 -133  -36 0.99 0.00 0.01 thick 0.96 0.00 0.04 thick
HD69655      16    1    1 0.01 0.99 0.00  thin 0.01 0.99 0.00  thin
HD69830      39  -49   -3 0.08 0.92 0.00  thin 0.04 0.96 0.00  thin
HD70642     -38  -27    1 0.02 0.98 0.00  thin 0.02 0.98 0.00  thin
HD70889      -1    1  -11 0.01 0.99 0.00  thin 0.01 0.99 0.00  thin
HD70903     -31   40   -2 0.06 0.94 0.00  thin 0.01 0.99 0.00  thin
HD71334      58  -24   -1 0.03 0.97 0.00  thin 0.02 0.98 0.00  thin
HD7134       27    2   20 0.02 0.98 0.00  thin 0.01 0.99 0.00  thin
HD71479     -31  -38    0 0.03 0.97 0.00  thin 0.02 0.98 0.00  thin
HD71685      11  -27  -33 0.07 0.93 0.00  thin 0.05 0.95 0.00  thin
HD71835      -6   18    0 0.01 0.99 0.00  thin 0.01 0.99 0.00  thin
HD7199        8  -14   17 0.02 0.98 0.00  thin 0.01 0.99 0.00  thin
HD72374       6  -27   -9 0.02 0.98 0.00  thin 0.01 0.99 0.00  thin
HD72579      -7  -16   32 0.05 0.95 0.00  thin 0.04 0.96 0.00  thin
HD72659      19   11  -32 0.05 0.95 0.00  thin 0.03 0.97 0.00  thin
HD72673     -64   19  -17 0.07 0.93 0.00  thin 0.02 0.98 0.00  thin
HD72769     -44   11  -17 0.03 0.97 0.00  thin 0.01 0.99 0.00  thin
HD73121       6  -21   22 0.02 0.98 0.00  thin 0.02 0.98 0.00  thin
HD73256     -26   -9   -8 0.01 0.99 0.00  thin 0.01 0.99 0.00  thin
HD73267     -43  -27    7 0.03 0.97 0.00  thin 0.02 0.98 0.00  thin
HD73524     -16   19  -22 0.03 0.97 0.00  thin 0.02 0.98 0.00  thin
HD73583     -10    0    8 0.01 0.99 0.00  thin 0.01 0.99 0.00  thin
HD74014      29   20    5 0.02 0.98 0.00  thin 0.01 0.99 0.00  thin
HD7449       54    4   13 0.03 0.97 0.00  thin 0.01 0.99 0.00  thin
HD74698      26  -31   23 0.05 0.95 0.00  thin 0.03 0.97 0.00  thin
HD74957       5   19   32 0.06 0.94 0.00  thin 0.03 0.97 0.00  thin
HD750         4  -19  -14 0.01 0.99 0.00  thin 0.01 0.99 0.00  thin
HD75289      32    0  -15 0.02 0.98 0.00  thin 0.01 0.99 0.00  thin
HD75328      49    5   23 0.04 0.96 0.00  thin 0.02 0.98 0.00  thin
HD75530      36 -102  -84 0.98 0.00 0.02 thick 0.95 0.00 0.05 thick
HD75745     -12 -119  -20 1.00 0.00 0.00 thick 0.93 0.05 0.02 thick
HD75881      19   -9  -10 0.01 0.99 0.00  thin 0.01 0.99 0.00  thin
HD76151     -29   -8   -4 0.01 0.99 0.00  thin 0.01 0.99 0.00  thin
HD76188     -52   -6  -11 0.02 0.98 0.00  thin 0.01 0.99 0.00  thin
HD76440      70  -16   14 0.06 0.94 0.00  thin 0.03 0.97 0.00  thin
HD77110      40  -30   44 0.35 0.65 0.00 trans 0.22 0.78 0.00  thin
HD78429     -11  -50   38 0.38 0.62 0.00 trans 0.20 0.80 0.00  thin
HD78538      -7   19    9 0.02 0.98 0.00  thin 0.01 0.99 0.00  thin
HD78558     -58  -62  -58 0.99 0.01 0.00 thick 0.92 0.07 0.01 thick
HD78612     -67  -75  -19 0.85 0.15 0.00 thick 0.33 0.67 0.00 trans
HD78747      22   14  -19 0.02 0.98 0.00  thin 0.01 0.99 0.00  thin
HD78964B     -5    4    0 0.01 0.99 0.00  thin 0.01 0.99 0.00  thin
HD79601     -10  -29  -31 0.07 0.93 0.00  thin 0.05 0.95 0.00  thin
HD8038       32   -9   -4 0.01 0.99 0.00  thin 0.01 0.99 0.00  thin
HD80883      11   20  -12 0.02 0.98 0.00  thin 0.01 0.99 0.00  thin
HD81639      28   -6  -17 0.02 0.98 0.00  thin 0.01 0.99 0.00  thin
HD81700      45   -7    4 0.02 0.98 0.00  thin 0.01 0.99 0.00  thin
HD81767     -39  -65    6 0.31 0.69 0.00 trans 0.09 0.91 0.00  thin
HD82114     -89  -18   24 0.22 0.78 0.00  thin 0.07 0.93 0.00  thin
HD82342     -19  -18   32 0.06 0.94 0.00  thin 0.04 0.96 0.00  thin
HD82516      94  -10    3 0.12 0.88 0.00  thin 0.03 0.97 0.00  thin
HD82783      14    1    9 0.01 0.99 0.00  thin 0.01 0.99 0.00  thin
HD82943      22   -8   -2 0.01 0.99 0.00  thin 0.01 0.99 0.00  thin
HD8326       34  -10  -15 0.02 0.98 0.00  thin 0.01 0.99 0.00  thin
HD83443      30  -18   -4 0.01 0.99 0.00  thin 0.01 0.99 0.00  thin
HD83529     -14  -36   32 0.11 0.89 0.00  thin 0.07 0.93 0.00  thin
HD8389A     -49  -26  -19 0.05 0.95 0.00  thin 0.03 0.97 0.00  thin
HD8406       49    1    6 0.02 0.98 0.00  thin 0.01 0.99 0.00  thin
HD84305     -30   32    6 0.03 0.97 0.00  thin 0.01 0.99 0.00  thin
HD84627B    -11   13   25 0.03 0.97 0.00  thin 0.02 0.98 0.00  thin
HD85119      -3   21  -11 0.02 0.98 0.00  thin 0.01 0.99 0.00  thin
HD8535       10  -10   11 0.01 0.99 0.00  thin 0.01 0.99 0.00  thin
HD85390      23  -20    4 0.01 0.99 0.00  thin 0.01 0.99 0.00  thin
HD85512      46   22    2 0.03 0.97 0.00  thin 0.01 0.99 0.00  thin
HD85725     -68  -44    2 0.14 0.86 0.00  thin 0.05 0.95 0.00  thin
HD86065     -59  -32    9 0.06 0.94 0.00  thin 0.03 0.97 0.00  thin
HD86140     -70   13   24 0.10 0.89 0.00  thin 0.03 0.97 0.00  thin
HD86171     -46   -7   15 0.02 0.98 0.00  thin 0.02 0.98 0.00  thin
HD8638      -14  -73  -68 1.00 0.00 0.00 thick 0.98 0.01 0.01 thick
HD86652     -24   -6  -11 0.01 0.99 0.00  thin 0.01 0.99 0.00  thin
HD870        20   20    6 0.02 0.98 0.00  thin 0.01 0.99 0.00  thin
HD87320     -43  -74   11 0.64 0.36 0.00 trans 0.19 0.81 0.00  thin
HD87521     -19   -2    6 0.01 0.99 0.00  thin 0.01 0.99 0.00  thin
HD87838     -74   -2  -14 0.06 0.94 0.00  thin 0.02 0.98 0.00  thin
HD88084      22   12  -34 0.07 0.93 0.00  thin 0.04 0.96 0.00  thin
HD88218     -44  -33  -19 0.06 0.94 0.00  thin 0.03 0.97 0.00  thin
HD8828       -3  -46  -22 0.09 0.91 0.00  thin 0.05 0.95 0.00  thin
HD88474     -11   27  -17 0.03 0.97 0.00  thin 0.01 0.99 0.00  thin
HD8859       28  -24  -15 0.02 0.98 0.00  thin 0.02 0.98 0.00  thin
HD88656       5    1    1 0.01 0.99 0.00  thin 0.01 0.99 0.00  thin
HD88725      81  -20  -15 0.10 0.90 0.00  thin 0.04 0.96 0.00  thin
HD88742     -26  -34    4 0.03 0.97 0.00  thin 0.02 0.98 0.00  thin
HD88885      23   18   20 0.03 0.97 0.00  thin 0.01 0.99 0.00  thin
HD8912       30   -9  -19 0.02 0.98 0.00  thin 0.01 0.98 0.00  thin
HD89147      40  -26  -15 0.03 0.97 0.00  thin 0.02 0.98 0.00  thin
HD8930       72   -1   26 0.10 0.90 0.00  thin 0.04 0.96 0.00  thin
HD89454       4  -12    5 0.01 0.99 0.00  thin 0.01 0.99 0.00  thin
HD89668     -66  -42  -44 0.71 0.29 0.00 thick 0.41 0.59 0.00 trans
HD89749       2    3   40 0.09 0.91 0.00  thin 0.06 0.94 0.00  thin
HD89839      14  -19   11 0.01 0.99 0.00  thin 0.01 0.99 0.00  thin
HD8985      -23    5  -19 0.02 0.98 0.00  thin 0.01 0.99 0.00  thin
HD89920      81  -39   16 0.23 0.77 0.00  thin 0.07 0.93 0.00  thin
HD89965       7   21    9 0.02 0.98 0.00  thin 0.01 0.99 0.00  thin
HD90081     -30   15  -14 0.02 0.98 0.00  thin 0.01 0.99 0.00  thin
HD90133      41  -32   -4 0.03 0.97 0.00  thin 0.02 0.98 0.00  thin
HD90156       1  -10   24 0.02 0.98 0.00  thin 0.02 0.98 0.00  thin
HD90422       3  -26  -13 0.02 0.98 0.00  thin 0.01 0.99 0.00  thin
HD90702     -37   -8   -8 0.01 0.99 0.00  thin 0.01 0.99 0.00  thin
HD90711     -22  -52  -28 0.22 0.78 0.00  thin 0.10 0.90 0.00  thin
HD90722     -17  -12   36 0.07 0.93 0.00  thin 0.06 0.94 0.00  thin
HD90812      77  -19   17 0.09 0.91 0.00  thin 0.04 0.96 0.00  thin
HD90926     -15  -12    9 0.01 0.99 0.00  thin 0.01 0.99 0.00  thin
HD90936     -31   -6   -5 0.01 0.99 0.00  thin 0.01 0.99 0.00  thin
HD91267      58   12    8 0.03 0.97 0.00  thin 0.01 0.99 0.00  thin
HD91345     -12  -35   -7 0.02 0.98 0.00  thin 0.02 0.98 0.00  thin
HD91379      49   13   12 0.03 0.97 0.00  thin 0.01 0.99 0.00  thin
HD9246       -6   50   38 0.51 0.49 0.00 trans 0.11 0.89 0.00  thin
HD92547       8   25    0 0.02 0.98 0.00  thin 0.01 0.99 0.00  thin
HD92588      -9  -36   17 0.04 0.96 0.00  thin 0.03 0.97 0.00  thin
HD92719      46   22   -3 0.03 0.97 0.00  thin 0.01 0.99 0.00  thin
HD92788      29  -12  -15 0.02 0.98 0.00  thin 0.01 0.99 0.00  thin
HD93083      14  -37    2 0.03 0.97 0.00  thin 0.02 0.98 0.00  thin
HD93351      43  -31   24 0.07 0.93 0.00  thin 0.04 0.96 0.00  thin
HD93380       5   14  -14 0.02 0.98 0.00  thin 0.01 0.99 0.00  thin
HD93385      16  -37    6 0.03 0.97 0.00  thin 0.02 0.98 0.00  thin
HD93745      70  -17   26 0.11 0.89 0.00  thin 0.05 0.95 0.00  thin
HD93932     -35  -51   -8 0.10 0.90 0.00  thin 0.04 0.96 0.00  thin
HD94151     -33   -3   -9 0.01 0.99 0.00  thin 0.01 0.99 0.00  thin
HD94444     -50   -8  -22 0.04 0.96 0.00  thin 0.02 0.98 0.00  thin
HD94771      13  -12    4 0.01 0.99 0.00  thin 0.01 0.99 0.00  thin
HD94964       4   14  -13 0.01 0.99 0.00  thin 0.01 0.99 0.00  thin
HD95456      -7   15   14 0.02 0.98 0.00  thin 0.01 0.99 0.00  thin
HD95521       7  -10   -4 0.01 0.99 0.00  thin 0.01 0.99 0.00  thin
HD95533      77  -20  -24 0.14 0.86 0.00  thin 0.05 0.95 0.00  thin
HD95542      14   -4   10 0.01 0.99 0.00  thin 0.01 0.99 0.00  thin
HD9578       24   10   12 0.01 0.99 0.00  thin 0.01 0.99 0.00  thin
HD95860     -33  -36  -32 0.13 0.87 0.00  thin 0.08 0.92 0.00  thin
HD95922      10    6   10 0.01 0.99 0.00  thin 0.01 0.99 0.00  thin
HD9608      -12   55  -32 0.50 0.50 0.00 trans 0.08 0.92 0.00  thin
HD96116      33  -14    3 0.01 0.99 0.00  thin 0.01 0.99 0.00  thin
HD96276      29   11    5 0.01 0.99 0.00  thin 0.01 0.99 0.00  thin
HD96290     -34   -7  -10 0.01 0.99 0.00  thin 0.01 0.99 0.00  thin
HD96423      41  -37   15 0.05 0.95 0.00  thin 0.03 0.97 0.00  thin
HD96673       2    3  -10 0.01 0.99 0.00  thin 0.01 0.99 0.00  thin
HD967       -43  -68    7 0.42 0.58 0.00 trans 0.11 0.88 0.00  thin
HD96700     -33  -24  -23 0.04 0.96 0.00  thin 0.03 0.97 0.00  thin
HD97037      -7   -7  -33 0.05 0.95 0.00  thin 0.04 0.96 0.00  thin
HD97320      84  -12  -29 0.22 0.78 0.00  thin 0.08 0.92 0.00  thin
HD97343      43  -15   33 0.09 0.91 0.00  thin 0.06 0.94 0.00  thin
HD97783      99  -27  100 0.99 0.00 0.01 thick 0.96 0.00 0.04 thick
HD9782      -30   -8    5 0.01 0.99 0.00  thin 0.01 0.99 0.00  thin
HD9796       -1  -13    5 0.01 0.99 0.00  thin 0.01 0.99 0.00  thin
HD97998     -10  -30   35 0.11 0.89 0.00  thin 0.07 0.92 0.00  thin
HD98281      89   21   38 0.59 0.41 0.00 trans 0.18 0.82 0.00  thin
HD98284     -21    8  -48 0.28 0.72 0.00  thin 0.17 0.83 0.00  thin
HD98356     -46   -4    2 0.02 0.98 0.00  thin 0.01 0.99 0.00  thin
HIP102025    11   12  -20 0.02 0.98 0.00  thin 0.01 0.99 0.00  thin
HIP102964    52   16   13 0.03 0.97 0.00  thin 0.01 0.99 0.00  thin
HIP103867   -20  -18   -9 0.01 0.99 0.00  thin 0.01 0.99 0.00  thin
HIP104856   -48    0  -23 0.04 0.96 0.00  thin 0.02 0.98 0.00  thin
HIP105506     2  -14  -40 0.10 0.90 0.00  thin 0.08 0.92 0.00  thin
HIP10741      4    2  -19 0.02 0.98 0.00  thin 0.01 0.99 0.00  thin
HIP108216    -6  -32  -32 0.09 0.91 0.00  thin 0.06 0.94 0.00  thin
HIP109149     4    4   -5 0.01 0.99 0.00  thin 0.01 0.99 0.00  thin
HIP109421    13  -21   -7 0.01 0.99 0.00  thin 0.01 0.99 0.00  thin
HIP113596    54  -28   10 0.04 0.96 0.00  thin 0.02 0.98 0.00  thin
HIP116374   -61  -28   16 0.07 0.93 0.00  thin 0.03 0.97 0.00  thin
HIP116939   -43  -32   10 0.04 0.96 0.00  thin 0.02 0.98 0.00  thin
HIP12147    -26  -46  -35 0.27 0.73 0.00  thin 0.14 0.86 0.00  thin
HIP15587    -29  -64   11 0.29 0.71 0.00  thin 0.09 0.91 0.00  thin
HIP16094     18   -8    4 0.01 0.99 0.00  thin 0.01 0.99 0.00  thin
HIP17346     37  -26  -10 0.02 0.98 0.00  thin 0.02 0.98 0.00  thin
HIP1745      63  -23    1 0.04 0.96 0.00  thin 0.02 0.98 0.00  thin
HIP18918     22  -19  -15 0.02 0.98 0.00  thin 0.01 0.99 0.00  thin
HIP20444     72  -21  -35 0.27 0.73 0.00  thin 0.12 0.88 0.00  thin
HIP21539      1    5  -20 0.02 0.98 0.00  thin 0.01 0.99 0.00  thin
HIP21934     33  -10  -21 0.02 0.98 0.00  thin 0.02 0.98 0.00  thin
HIP22059     28    4   -4 0.01 0.99 0.00  thin 0.01 0.99 0.00  thin
HIP25612     89   -8   -5 0.09 0.91 0.00  thin 0.03 0.97 0.00  thin
HIP26013    -37  -10   -7 0.01 0.99 0.00  thin 0.01 0.99 0.00  thin
HIP26542     42   -5    8 0.02 0.98 0.00  thin 0.01 0.99 0.00  thin
HIP31639     10  -37  -38 0.19 0.81 0.00  thin 0.12 0.88 0.00  thin
HIP32127      3  -56   61 0.97 0.03 0.00 thick 0.90 0.10 0.01 thick
HIP32812    -41  -31   11 0.03 0.97 0.00  thin 0.02 0.98 0.00  thin
HIP33392     64    9  -10 0.04 0.96 0.00  thin 0.02 0.98 0.00  thin
HIP35992     39   23   -2 0.03 0.97 0.00  thin 0.01 0.99 0.00  thin
HIP36347    -24   -4    2 0.01 0.99 0.00  thin 0.01 0.99 0.00  thin
HIP38324    -21   23    2 0.02 0.98 0.00  thin 0.01 0.99 0.00  thin
HIP39470     28   14    0 0.01 0.99 0.00  thin 0.01 0.99 0.00  thin
HIP41659    -75  -41  -68 0.99 0.00 0.00 thick 0.97 0.02 0.01 thick
HIP45301     37   -5    3 0.01 0.99 0.00  thin 0.01 0.99 0.00  thin
HIP46933    -32  -11   -8 0.01 0.99 0.00  thin 0.01 0.99 0.00  thin
HIP5114     -17   52  -16 0.19 0.81 0.00  thin 0.03 0.97 0.00  thin
HIP5158     -11  -27   -7 0.02 0.98 0.00  thin 0.01 0.99 0.00  thin
HIP54446     31    9   -5 0.01 0.99 0.00  thin 0.01 0.99 0.00  thin
HIP54597     22  -38   20 0.06 0.94 0.00  thin 0.04 0.96 0.00  thin
HIP57688     16   21   -9 0.02 0.98 0.00  thin 0.01 0.99 0.00  thin
HIP58348    -59  -49    6 0.15 0.85 0.00  thin 0.05 0.95 0.00  thin
HIP59925    -30   -8   -3 0.01 0.99 0.00  thin 0.01 0.99 0.00  thin
HIP61406    -68  -76   -9 0.82 0.18 0.00 thick 0.27 0.73 0.00  thin
HIP64965    -69 -163  115 0.06 0.00 0.94  halo 0.25 0.00 0.75  halo
HIP67126    -97  -20   35 0.55 0.45 0.00 trans 0.20 0.80 0.00  thin
HIP69224     51  -44  -46 0.70 0.30 0.00 thick 0.44 0.56 0.00 trans
HIP7058      88   13  -18 0.15 0.85 0.00  thin 0.04 0.96 0.00  thin
HIP7743      22  -15  -21 0.02 0.98 0.00  thin 0.02 0.98 0.00  thin
HIP78242    -78  -67   -3 0.68 0.32 0.00 trans 0.18 0.82 0.00  thin
HIP80083      5 -185  -14 0.55 0.00 0.45 trans 0.73 0.00 0.27 thick
HIP88316   -109    0   -3 0.23 0.77 0.00  thin 0.05 0.95 0.00  thin
HIP9398     -36  -26    0 0.02 0.98 0.00  thin 0.01 0.99 0.00  thin
HIP96240     13   22    5 0.02 0.98 0.00  thin 0.01 0.99 0.00  thin
HIP98764    -13  -16   15 0.01 0.99 0.00  thin 0.01 0.99 0.00  thin
HIP99606B    -1   -4   46 0.18 0.82 0.00  thin 0.13 0.87 0.00  thin
